-1.359941020075819438e+02 5.835292758621357478e+01
-1.359958166970511684e+02 5.835313881440033867e+01
-1.359962437919391789e+02 5.835313549162317059e+01
-1.359966708867316356e+02 5.835313216742146381e+01
-1.359970979814285954e+02 5.835312884179521831e+01
-1.359988063592599872e+02 5.835311552504488475e+01
-1.359992334534785527e+02 5.835311219229596702e+01
-1.359996605476013087e+02 5.835310885812253190e+01
-1.360000876416282267e+02 5.835310552252454386e+01
-1.360005147355592783e+02 5.835310218550203132e+01
-1.360009418293943781e+02 5.835309884705500139e+01
-1.360013689231335547e+02 5.835309550718343274e+01
-1.360017960167766944e+02 5.835309216588733250e+01
-1.360022231103238255e+02 5.835308882316670065e+01
-1.360044414472267249e+02 5.835599064401065306e+01
-1.360074761047396805e+02 5.835753868059023830e+01
-1.360088407919332383e+02 5.836044714066741790e+01
-1.360119017220915794e+02 5.836289308416183985e+01
-1.360149501881230094e+02 5.836488994589736023e+01
-1.360166978568803984e+02 5.836622340758895433e+01
-1.360167043125796056e+02 5.836644791061493720e+01
-1.360167107683763561e+02 5.836667241363250014e+01
-1.360167172242706783e+02 5.836689691664170709e+01
-1.360172090740148576e+02 5.836913855298759302e+01
-1.360233795316092369e+02 5.837560146559432184e+01
-1.360246681278697451e+02 5.837581571686324367e+01
-1.360263841070987212e+02 5.837602653096768535e+01
-1.360268114744749255e+02 5.837602310539670469e+01
-1.360272453668711705e+02 5.837624418034290130e+01
-1.360276792646944273e+02 5.837646525379508233e+01
-1.360281131679448663e+02 5.837668632575320515e+01
-1.360285470766225444e+02 5.837690739621726266e+01
-1.360289875271941753e+02 5.837735296696840948e+01
-1.360307363448710021e+02 5.837868623098281518e+01
-1.360316108033022715e+02 5.837935285378110706e+01
-1.360324852947979650e+02 5.838001947043949968e+01
-1.360329258340972274e+02 5.838046502716179731e+01
-1.360333729498419189e+02 5.838113508364243387e+01
-1.360338266510692051e+02 5.838202963971548343e+01
-1.360351681610768537e+02 5.838403979385077491e+01
-1.360369834392635937e+02 5.838761797927158881e+01
-1.360387330699141160e+02 5.838895112949239774e+01
-1.360396079348717819e+02 5.838961769538614988e+01
-1.360417853099539798e+02 5.839094733265847736e+01
-1.360422194798298392e+02 5.839116835550837692e+01
-1.360426867911396016e+02 5.839251187832211087e+01
-1.360436016202684470e+02 5.839452541730280188e+01
-1.360436082541051519e+02 5.839474991743319521e+01
-1.360436148880422138e+02 5.839497441755513307e+01
-1.360436215220795759e+02 5.839519891766868653e+01
-1.360436281562172951e+02 5.839542341777386270e+01
-1.360436347904553145e+02 5.839564791787063314e+01
-1.360436414247936909e+02 5.839587241795899786e+01
-1.360436480592323960e+02 5.839609691803897817e+01
-1.360436546937714581e+02 5.839632141811055277e+01
-1.360436613284108205e+02 5.839654591817375717e+01
-1.360437210446808649e+02 5.839856641836453832e+01
-1.360437276803237410e+02 5.839879091834377078e+01
-1.360437343160669741e+02 5.839901541831458331e+01
-1.360437409519105927e+02 5.839923991827702565e+01
-1.360437475878545683e+02 5.839946441823104095e+01
-1.360437542238989010e+02 5.839968891817667895e+01
-1.360437608600436192e+02 5.839991341811391834e+01
-1.360437674962887229e+02 5.840013791804275911e+01
-1.360437741326341836e+02 5.840036241796320127e+01
-1.360451833754327424e+02 5.840461745536991600e+01
-1.360456376838014023e+02 5.840551196449219162e+01
-1.360469874307829912e+02 5.840774648218992837e+01
-1.360474285024259586e+02 5.840819198547686852e+01
-1.360478829146214821e+02 5.840908648582608009e+01
-1.360488251652489851e+02 5.841199797693051465e+01
-1.360492729882626577e+02 5.841266797245516074e+01
-1.360497208284050146e+02 5.841333796629287178e+01
-1.360524350127504079e+02 5.841825588860893959e+01
-1.360533108681382544e+02 5.841892235483169316e+01
-1.360537521606578082e+02 5.841936783490017859e+01
-1.360542001721475458e+02 5.842003781186186018e+01
-1.360542068800294544e+02 5.842026231033134565e+01
-1.360542135880128853e+02 5.842048680879240408e+01
-1.360542202960978102e+02 5.842071130724507100e+01
-1.360542270042842574e+02 5.842093580568931088e+01
-1.360542337125722270e+02 5.842116030412517347e+01
-1.360542404209617473e+02 5.842138480255263744e+01
-1.360542471294527616e+02 5.842160930097167437e+01
-1.360538862770592061e+02 5.842385780381190585e+01
-1.360534918559021378e+02 5.842498381335187929e+01
-1.360531108149696706e+02 5.842655881822178543e+01
-1.360527498430313642e+02 5.842880731652601156e+01
-1.360527632450330202e+02 5.842925631304699863e+01
-1.360523821275334342e+02 5.843083131495582450e+01
-1.360519942797487261e+02 5.843218181725399774e+01
-1.360556336825643200e+02 5.843933760276831890e+01
-1.360560685378690948e+02 5.843955857490087880e+01
-1.360565033986239030e+02 5.843977954553412957e+01
-1.360569382648288865e+02 5.844000051466804990e+01
-1.360595273345861358e+02 5.844065280593721212e+01
-1.360617627242702383e+02 5.844377805885883248e+01
-1.360617694865377132e+02 5.844400255594351989e+01
-1.360617762489075346e+02 5.844422705301979448e+01
-1.360617830113797879e+02 5.844445155008767756e+01
-1.360617897739544446e+02 5.844467604714714071e+01
-1.360617965366315048e+02 5.844490054419819813e+01
-1.360618032994109683e+02 5.844512504124085694e+01
-1.360618100622928353e+02 5.844534953827508872e+01
-1.360614427055299700e+02 5.844737355642234178e+01
-1.360610685486101659e+02 5.844917307607169477e+01
-1.360620874286521200e+02 5.845455390944087526e+01
-1.360625428233926471e+02 5.845544834835190073e+01
-1.360629914681360901e+02 5.845611828888984007e+01
-1.360634469064635255e+02 5.845701272423981010e+01
-1.360639159275321788e+02 5.845835615063013080e+01
-1.360639227073740756e+02 5.845858064704425772e+01
-1.360639294873186884e+02 5.845880514344995760e+01
-1.360639362673659889e+02 5.845902963984725176e+01
-1.360639430475160339e+02 5.845925413623616151e+01
-1.360639498277687949e+02 5.845947863261665134e+01
-1.360639566081242435e+02 5.845970312898871413e+01
-1.360639633885824082e+02 5.845992762535239962e+01
-1.360644596056451974e+02 5.846216903411102095e+01
-1.360649219486347477e+02 5.846328795922583765e+01
-1.360653775306843443e+02 5.846418238628668718e+01
-1.360658331361135254e+02 5.846507681153352110e+01
-1.360662819680426594e+02 5.846574673898499697e+01
-1.360685059501352043e+02 5.846842286369393094e+01
-1.360689480614712750e+02 5.846886828547732051e+01
-1.360693901840386104e+02 5.846931370567130415e+01
-1.360698323178377507e+02 5.846975912427582500e+01
-1.360702949337320717e+02 5.847087802786214183e+01
-1.360725674218492145e+02 5.847512554546381836e+01
-1.360730096695473890e+02 5.847557095236192737e+01
-1.360734519284830810e+02 5.847601635766977068e+01
-1.360739010469247603e+02 5.847668625643341755e+01
-1.360743775888711582e+02 5.847825413337567824e+01
-1.360743844407016638e+02 5.847847862832311705e+01
-1.360743912926360224e+02 5.847870312326214304e+01
-1.360743981446742055e+02 5.847892761819277041e+01
-1.360749638711604064e+02 5.848341392473938782e+01
-1.360798100384595841e+02 5.848763972867484995e+01
-1.360806743620117061e+02 5.848785700523978903e+01
-1.360836753796484970e+02 5.848783169835419926e+01
-1.360841040960348494e+02 5.848782807735713618e+01
-1.360849684504038919e+02 5.848804532489566554e+01
-1.360854040939591982e+02 5.848826619335940791e+01
-1.360862823280060354e+02 5.848893241947501309e+01
-1.360867249242811283e+02 5.848937777703803675e+01
-1.360871675318080065e+02 5.848982313300835756e+01
-1.360876101505870963e+02 5.849026848738587603e+01
-1.360880527806188809e+02 5.849071384017049979e+01
-1.360884954219038150e+02 5.849115919136217201e+01
-1.360889380744423818e+02 5.849160454096082162e+01
-1.360898303674790952e+02 5.849271972868064040e+01
-1.360902730567269145e+02 5.849316507345100291e+01
-1.360907157572303845e+02 5.849361041662796623e+01
-1.360911584689899314e+02 5.849405575821150904e+01
-1.360920508953117292e+02 5.849517092964777021e+01
-1.360929433785557876e+02 5.849628609450574857e+01
-1.360933861524965494e+02 5.849673142802325998e+01
-1.360938359187281321e+02 5.849740125278461278e+01
-1.360938428998656207e+02 5.849762574561397344e+01
-1.360938498811089516e+02 5.849785023843488574e+01
-1.360938568624581535e+02 5.849807473124738522e+01
-1.360938638439132262e+02 5.849829922405144345e+01
-1.360938708254741698e+02 5.849852371684707464e+01
-1.360938778071409843e+02 5.849874820963430011e+01
-1.360922530432342228e+02 5.850168122442678964e+01
-1.360928981995396612e+02 5.850863684604138371e+01
-1.360933550927101123e+02 5.850953116327236359e+01
-1.360938050249341131e+02 5.851020098629879840e+01
-1.360951479317616872e+02 5.851198595295486626e+01
-1.360969059964036205e+02 5.851331825575865508e+01
-1.360973420294799041e+02 5.851353908158834827e+01
-1.360977780680332501e+02 5.851375990591208875e+01
-1.360990932358720045e+02 5.851464686168322515e+01
-1.360995292991796646e+02 5.851486767994223470e+01
-1.360999653679648418e+02 5.851508849669509260e+01
-1.361004014422276498e+02 5.851530931194175622e+01
-1.361008375219681454e+02 5.851553012568221135e+01
-1.361012736071864140e+02 5.851575093791639404e+01
-1.361017096978825407e+02 5.851597174864424744e+01
-1.361034470676755461e+02 5.851663048506247122e+01
-1.361047483736287802e+02 5.851706839893662249e+01
-1.361056135749770135e+02 5.851728550370248882e+01
-1.361073510825394521e+02 5.851794418671470055e+01
-1.361090886550941548e+02 5.851860284593657013e+01
-1.361099539207907299e+02 5.851881992119466247e+01
-1.361116773830899831e+02 5.851902956337106332e+01
-1.361121064759121282e+02 5.851902584761617021e+01
-1.361138299608193734e+02 5.851923546081886229e+01
-1.361142590558416998e+02 5.851923173786323673e+01
-1.361146881507560522e+02 5.851922801347398462e+01
-1.361159825633531852e+02 5.851944132209151661e+01
-1.361164187919248434e+02 5.851966208228111554e+01
-1.361168550259756955e+02 5.851988284096330517e+01
-1.361172912655058553e+02 5.852010359813806417e+01
-1.361181637610042685e+02 5.852054510796506293e+01
-1.361186071626712248e+02 5.852099035074918731e+01
-1.361190505756227935e+02 5.852143559193491029e+01
-1.361208386615784036e+02 5.852366552043429948e+01
-1.361221619517578461e+02 5.852477672519942331e+01
-1.361226054579611002e+02 5.852522195354541168e+01
-1.361234996826850931e+02 5.852633689500832048e+01
-1.361239432257153226e+02 5.852678211850692946e+01
-1.361252739225508037e+02 5.852811777940615201e+01
-1.361261539140278956e+02 5.852878372273819707e+01
-1.361270483430866989e+02 5.852989863821015604e+01
-1.361274991816483180e+02 5.853056833802293113e+01
-1.361284009107456257e+02 5.853190773252351420e+01
-1.361292954916739859e+02 5.853302263131212868e+01
-1.361297391933611891e+02 5.853346783381279295e+01
-1.361319651065094831e+02 5.853591831088545661e+01
-1.361324088789490645e+02 5.853636350373211172e+01
-1.361341913318817660e+02 5.853836874742730600e+01
-1.361346351637898806e+02 5.853881393221826102e+01
-1.361355301206830006e+02 5.853992878515609988e+01
-1.361359739894641621e+02 5.854037396509256297e+01
-1.361364251347559957e+02 5.854104363147868639e+01
-1.361368835657824263e+02 5.854193778413841187e+01
-1.361373347488367358e+02 5.854260744704463093e+01
-1.361373420204132572e+02 5.854283193496164017e+01
-1.361373492921001969e+02 5.854305642287018685e+01
-1.361373565638975265e+02 5.854328091077027096e+01
-1.361373638358052460e+02 5.854350539866187120e+01
-1.361373711078233839e+02 5.854372988654503729e+01
-1.361373783799519401e+02 5.854395437441970529e+01
-1.361373856521908863e+02 5.854417886228589651e+01
-1.361373929245402508e+02 5.854440335014365360e+01
-1.361369853348486174e+02 5.854508061502759375e+01
-1.361381425370985880e+02 5.855427700334025332e+01
-1.361385866225634800e+02 5.855472217255449863e+01
-1.361390307193442482e+02 5.855516734016597979e+01
-1.361394748274413757e+02 5.855561250617460445e+01
-1.361407999218742759e+02 5.855672350743230226e+01
-1.361421177940276550e+02 5.855761000753904710e+01
-1.361429988499138233e+02 5.855827582888687033e+01
-1.361438799393152124e+02 5.855894164401379243e+01
-1.361447610622336981e+02 5.855960745291927338e+01
-1.361456422186711563e+02 5.856027325560290819e+01
-1.361469676854132729e+02 5.856138419121615613e+01
-1.361478489285711078e+02 5.856204997829672010e+01
-1.361491745327178648e+02 5.856316089038521255e+01
-1.361504928592074748e+02 5.856404730219529142e+01
-1.361518038819751268e+02 5.856470921413026076e+01
-1.361522409005555119e+02 5.856492984841784022e+01
-1.361539816451975469e+02 5.856558788464333531e+01
-1.361548483468468760e+02 5.856580465094167920e+01
-1.361561521186146422e+02 5.856624203215576330e+01
-1.361565891835739706e+02 5.856646265144757280e+01
-1.361570262540295460e+02 5.856668326922694234e+01
-1.361574633299814820e+02 5.856690388549385062e+01
-1.361579004114298073e+02 5.856712450024819816e+01
-1.361583374983746353e+02 5.856734511349002048e+01
-1.361600784767705932e+02 5.856800306609515872e+01
-1.361609452754423444e+02 5.856821979086490870e+01
-1.361622492126013526e+02 5.856865710949949033e+01
-1.361635531821774521e+02 5.856909441476455669e+01
-1.361639903291363680e+02 5.856931500850986083e+01
-1.361644274815925826e+02 5.856953560074209975e+01
-1.361648646395460958e+02 5.856975619146125922e+01
-1.361653018029970212e+02 5.856997678066730373e+01
-1.361661836104662484e+02 5.857064243920527957e+01
-1.361675026481530892e+02 5.857152867306567856e+01
-1.361683845365899970e+02 5.857219431606953464e+01
-1.361688292342021782e+02 5.857263937742485638e+01
-1.361701559045470162e+02 5.857375006761568415e+01
-1.361710378995039434e+02 5.857441569182440588e+01
-1.361714826591957888e+02 5.857486074363635709e+01
-1.361728545488207374e+02 5.857731830899295034e+01
-1.361741965604721258e+02 5.857887792327101550e+01
-1.361746414174292852e+02 5.857932296351742707e+01
-1.361750862857311404e+02 5.857976800215525515e+01
-1.361755311653781177e+02 5.858021303918447842e+01
-1.361764284914993652e+02 5.858132759188509198e+01
-1.361768734081643970e+02 5.858177262403641095e+01
-1.361773183361766542e+02 5.858221765457875563e+01
-1.361777632755365346e+02 5.858266268351206207e+01
-1.361790906110350363e+02 5.858377327749737873e+01
-1.361795355928092306e+02 5.858421830004520103e+01
-1.361808630437511169e+02 5.858532887507013953e+01
-1.361813080679457073e+02 5.858577389123131951e+01
-1.361817531034918147e+02 5.858621890578276492e+01
-1.361826507830487571e+02 5.858733341281113383e+01
-1.361835940054120329e+02 5.858979480886457480e+01
-1.361876537192719638e+02 5.859537118032196190e+01
-1.361880913467279299e+02 5.859559168953622788e+01
-1.361885289796907443e+02 5.859581219723452961e+01
-1.361889666181604923e+02 5.859603270341681736e+01
-1.361894042621372591e+02 5.859625320808305560e+01
-1.361898419116211301e+02 5.859647371123320170e+01
-1.361911701570583944e+02 5.859758417500060546e+01
-1.361916154693261944e+02 5.859802915364988252e+01
-1.361920607929577329e+02 5.859847413068744260e+01
-1.361925137690571717e+02 5.859914358765147568e+01
-1.361929744069331605e+02 5.860003752436036706e+01
-1.361934274210446176e+02 5.860070697781498694e+01
-1.361938957540195645e+02 5.860182539221578679e+01
-1.361943564632341861e+02 5.860271932336195988e+01
-1.361948095390302456e+02 5.860338877146060099e+01
-1.361952626322869548e+02 5.860405821783417935e+01
-1.361957157430054508e+02 5.860472766248257415e+01
-1.361961765377029394e+02 5.860562158641685215e+01
-1.361966296864535764e+02 5.860629102755389397e+01
-1.361970828526696664e+02 5.860696046696536854e+01
-1.361979892375027248e+02 5.860829934061109725e+01
-1.361984424561219669e+02 5.860896877484513823e+01
-1.361993412575137654e+02 5.861008315754843778e+01
-1.362002631998994104e+02 5.861187097497576559e+01
-1.362007165089875969e+02 5.861254040051745307e+01
-1.362011698355516955e+02 5.861320982433247195e+01
-1.362020688340908521e+02 5.861432418656859511e+01
-1.362060415687027159e+02 5.861720617642527742e+01
-1.362064795858114508e+02 5.861742662095164036e+01
-1.362082239617749053e+02 5.861808390430000770e+01
-1.362090922976528304e+02 5.861830029724414715e+01
-1.362103909406804689e+02 5.861851263589472438e+01
-1.362112593004326868e+02 5.861872901411177139e+01
-1.362130038305110702e+02 5.861938623196515152e+01
-1.362147484259475618e+02 5.862004342586195804e+01
-1.362164930867437249e+02 5.862070059580042170e+01
-1.362169312132155881e+02 5.862092100423047469e+01
-1.362186759585607376e+02 5.862157814417628288e+01
-1.362199826044212614e+02 5.862201486379490234e+01
-1.362208511097816483e+02 5.862223117662642835e+01
-1.362221578069772079e+02 5.862266787392471912e+01
-1.362230263418446725e+02 5.862288417194368151e+01
-1.362243330903754668e+02 5.862332084691986012e+01
-1.362256398714104080e+02 5.862375750847697020e+01
-1.362265084546159244e+02 5.862397378277756133e+01
-1.362273770484966349e+02 5.862419005116824877e+01
-1.362282456530525110e+02 5.862440631364888333e+01
-1.362295525230854878e+02 5.862484293506996380e+01
-1.362304211571473616e+02 5.862505918273448913e+01
-1.362312898018840031e+02 5.862527542448841444e+01
-1.362330350323897505e+02 5.862593236749793135e+01
-1.362334733282136199e+02 5.862615271880058287e+01
-1.362339116295553936e+02 5.862637306858283637e+01
-1.362343499364151569e+02 5.862659341684464920e+01
-1.362352265666889366e+02 5.862703410880683208e+01
-1.362379042365980126e+02 5.862970300846674121e+01
-1.362396498120104411e+02 5.863035986005866107e+01
-1.362400882050144730e+02 5.863058018832671792e+01
-1.362405266035379725e+02 5.863080051507373014e+01
-1.362418497995635676e+02 5.863168596247363240e+01
-1.362427266520506066e+02 5.863212660218735550e+01
-1.362440339904375719e+02 5.863256307428793690e+01
-1.362449029049769820e+02 5.863277922289968558e+01
-1.362462022989244872e+02 5.863299119679721372e+01
-1.362470712373324204e+02 5.863320733066456114e+01
-1.362479401864158604e+02 5.863342345861760663e+01
-1.362488091461747501e+02 5.863363958065613701e+01
-1.362496781166089477e+02 5.863385569678004572e+01
-1.362505470977183677e+02 5.863407180698918353e+01
-1.362514160895028965e+02 5.863428791128338702e+01
-1.362522850919623920e+02 5.863450400966254250e+01
-1.362527236162340785e+02 5.863472429425818433e+01
-1.362531621460267104e+02 5.863494457733180099e+01
-1.362536006813403731e+02 5.863516485888339247e+01
-1.362540472689934461e+02 5.863560961401893934e+01
-1.362544938680564712e+02 5.863605436753301348e+01
-1.362558337337098919e+02 5.863738861834572447e+01
-1.362562803784173866e+02 5.863783336537314739e+01
-1.362567270345371355e+02 5.863827811077873520e+01
-1.362571737020696503e+02 5.863872285456236000e+01
-1.362576284520065428e+02 5.863939207138942322e+01
-1.362585460819081504e+02 5.864095497435845772e+01
-1.362590008876313448e+02 5.864162418590596815e+01
-1.362599024649752550e+02 5.864273812943976338e+01
-1.362616733981835466e+02 5.864406809983572089e+01
-1.362621202033220698e+02 5.864451282555583589e+01
-1.362625670198796968e+02 5.864495754965300023e+01
-1.362630138478567972e+02 5.864540227212712864e+01
-1.362634687978448653e+02 5.864607146690516259e+01
-1.362643706336540674e+02 5.864718537743882365e+01
-1.362648175133338668e+02 5.864763009331137766e+01
-1.362652644044358397e+02 5.864807480756044811e+01
-1.362657113069604975e+02 5.864851952018594972e+01
-1.362674827558046786e+02 5.864984940758296972e+01
-1.362683848181812039e+02 5.865096328851893759e+01
-1.362692869384305823e+02 5.865207716273219773e+01
-1.362706198298733113e+02 5.865318677884000920e+01
-1.362710668664942375e+02 5.865363147203103011e+01
-1.362719773100010059e+02 5.865496979930063759e+01
-1.362724325581240521e+02 5.865563896032185198e+01
-1.362728878238283414e+02 5.865630811960051716e+01
-1.362733431071150960e+02 5.865697727713649812e+01
-1.362742455426989352e+02 5.865809111441927115e+01
-1.362746926888453345e+02 5.865853579428360831e+01
-1.362755870154388731e+02 5.865942514913628969e+01
-1.362760341958868935e+02 5.865986982412444206e+01
-1.362764813877696781e+02 5.866031449748702897e+01
-1.362769285910877670e+02 5.866075916922395805e+01
-1.362782620589083251e+02 5.866186870260290931e+01
-1.362791483457857566e+02 5.866253355957715598e+01
-1.362795956116931961e+02 5.866297822166808373e+01
-1.362800428890388673e+02 5.866342288213281364e+01
-1.362804901778231681e+02 5.866386754097128176e+01
-1.362818238781834168e+02 5.866497703607225134e+01
-1.362827103121396135e+02 5.866564186766559175e+01
-1.362853367851339499e+02 5.866673843957684653e+01
-1.362904907280992290e+02 5.866623777062994805e+01
-1.362909215987889695e+02 5.866623345073003293e+01
-1.362913524693524323e+02 5.866622912938846213e+01
-1.362930842576467683e+02 5.866643630022718270e+01
-1.362948160661729844e+02 5.866664344768692274e+01
-1.362952469411301024e+02 5.866663911329445824e+01
-1.362961170175857433e+02 5.866685491052267309e+01
-1.362965562247436822e+02 5.866707504205861312e+01
-1.362969954374343331e+02 5.866729517206808708e+01
-1.362983214502186797e+02 5.866818002303332946e+01
-1.362987606879345321e+02 5.866840014688982308e+01
-1.362991999311835514e+02 5.866862026921964457e+01
-1.362996391799658227e+02 5.866884039002278683e+01
-1.363005176941304626e+02 5.866928062704877789e+01
-1.363009569595130017e+02 5.866950074327155562e+01
-1.363013962304291056e+02 5.866972085796747649e+01
-1.363018355068788026e+02 5.866994097113649076e+01
-1.363091862705708195e+02 5.867054009564963479e+01
-1.363096171911210774e+02 5.867053571299042858e+01
-1.363100481115431819e+02 5.867053132888935352e+01
-1.363104790318370192e+02 5.867052694334641672e+01
-1.363140023780636341e+02 5.867251202428872148e+01
-1.363157515184811928e+02 5.867316782528066454e+01
-1.363166218828100966e+02 5.867338348261296233e+01
-1.363174922578220958e+02 5.867359913401384119e+01
-1.363179316840304693e+02 5.867381919156024139e+01
-1.363192499958662438e+02 5.867447935503072642e+01
-1.363196894442152995e+02 5.867469940646450510e+01
-1.363201288980997106e+02 5.867491945637000583e+01
-1.363205683575195337e+02 5.867513950474722861e+01
-1.363223177522250182e+02 5.867579521530387154e+01
-1.363236277145422548e+02 5.867623086553162892e+01
-1.363240672124531443e+02 5.867645090177619238e+01
-1.363258167382054182e+02 5.867710656416237214e+01
-1.363262562608989583e+02 5.867732659281105612e+01
-1.363266957891287916e+02 5.867754661993096477e+01
-1.363271353228950034e+02 5.867776664552204124e+01
-1.363280656234435639e+02 5.867955349439175450e+01
-1.363298666696288421e+02 5.868155590212700190e+01
-1.363311940569455487e+02 5.868244040726666100e+01
-1.363325129453361342e+02 5.868310043186056646e+01
-1.363338404585688863e+02 5.868398490903160081e+01
-1.363399100532702448e+02 5.868482011974836610e+01
-1.363411860820160086e+02 5.868435772569403497e+01
-1.363420396249484554e+02 5.868412427788292263e+01
-1.363433155998932023e+02 5.868366186288650965e+01
-1.363441691114425396e+02 5.868342840105753311e+01
-1.363446001849145546e+02 5.868342390072228199e+01
-1.363472992225399594e+02 5.868631491443642290e+01
-1.363477563270835731e+02 5.868698379839687362e+01
-1.363504298535710859e+02 5.868920134845210157e+01
-1.363508696835152989e+02 5.868942129147736608e+01
-1.363513095190000683e+02 5.868964123297171653e+01
-1.363521979017401975e+02 5.869030557580128260e+01
-1.363530863183885344e+02 5.869096991230421168e+01
-1.363539747689470403e+02 5.869163424248005612e+01
-1.363548632534175624e+02 5.869229856632834696e+01
-1.363553118663883765e+02 5.869274295790831530e+01
-1.363557604908414191e+02 5.869318734785122871e+01
-1.363562091267770882e+02 5.869363173615693086e+01
-1.363566577741959236e+02 5.869407612282535780e+01
-1.363571064330983518e+02 5.869452050785645270e+01
-1.363575551034848559e+02 5.869496489125010896e+01
-1.363593324133361193e+02 5.869629348135122626e+01
-1.363597811350735753e+02 5.869673785667120569e+01
-1.363602298682975800e+02 5.869718223035330595e+01
-1.363606786130086164e+02 5.869762660239742758e+01
-1.363637675088936305e+02 5.869939038277907173e+01
-1.363642075515791134e+02 5.869961027907892515e+01
-1.363655364973196811e+02 5.870049442162053310e+01
-1.363659765650891984e+02 5.870071431174203980e+01
-1.363664166384034502e+02 5.870093420033109766e+01
-1.363668567172624932e+02 5.870115408738762852e+01
-1.363672968016664129e+02 5.870137397291157555e+01
-1.363686258930459871e+02 5.870225808277291435e+01
-1.363695149284195622e+02 5.870292230230756303e+01
-1.363704039977379807e+02 5.870358651550640872e+01
-1.363708529550621336e+02 5.870403085083581374e+01
-1.363713019238815320e+02 5.870447518452554192e+01
-1.363717509041967162e+02 5.870491951657552221e+01
-1.363735292643771118e+02 5.870624790463207177e+01
-1.363739694552276092e+02 5.870646776677029521e+01
-1.363748587002502575e+02 5.870713194817603409e+01
-1.363761882036323527e+02 5.870801597761612811e+01
-1.363775177745282576e+02 5.870889999295094697e+01
-1.363779580240299367e+02 5.870911984114054860e+01
-1.363788474129427755e+02 5.870978399417908378e+01
-1.363792965583081411e+02 5.871022829892067563e+01
-1.363797457151759431e+02 5.871067260202122640e+01
-1.363801948835466646e+02 5.871111690348065082e+01
-1.363810932547987420e+02 5.871200550147569430e+01
-1.363824320003318462e+02 5.871311392536149043e+01
-1.363846515493894458e+02 5.871466198571923201e+01
-1.363850919167714721e+02 5.871488180887102004e+01
-1.363855322897033773e+02 5.871510163048838393e+01
-1.363859815893713971e+02 5.871554591095469533e+01
-1.363864309005478503e+02 5.871599018977879325e+01
-1.363886776290732143e+02 5.871821155926369329e+01
-1.363904573158966684e+02 5.871953970567365388e+01
-1.363922192121919181e+02 5.872041890748152326e+01
-1.363926597001452592e+02 5.872063870409566277e+01
-1.363931001936506107e+02 5.872085849917456812e+01
-1.363944306852241652e+02 5.872174233456205172e+01
-1.363948712038514088e+02 5.872196212345000532e+01
-1.363957612443849428e+02 5.872262615582395995e+01
-1.363962107722554435e+02 5.872307039920158189e+01
-1.363979909952982723e+02 5.872439843844046692e+01
-1.363984315700032255e+02 5.872461821484456124e+01
-1.363988721502616102e+02 5.872483798971286006e+01
-1.363997623408347408e+02 5.872550199356280842e+01
-1.364010841569970012e+02 5.872616129958736053e+01
-1.364015337986838006e+02 5.872660552370255971e+01
-1.364011112242404238e+02 5.872683467524807810e+01
-1.364006796243301949e+02 5.872683936684508410e+01
-1.363989622321175545e+02 5.872708257752594818e+01
-1.363976764221901590e+02 5.872732108528855122e+01
-1.363959589847476366e+02 5.872756425611071762e+01
-1.363942415230295353e+02 5.872780740413330136e+01
-1.363938099098136263e+02 5.872781207277562743e+01
-1.363920924204972209e+02 5.872805519225899928e+01
-1.363916608038196330e+02 5.872805985371738302e+01
-1.363899432869083057e+02 5.872830294466063350e+01
-1.363860676270578551e+02 5.872856924102708120e+01
-1.363847905905739424e+02 5.872903208067690883e+01
-1.363830907915506430e+02 5.872972400073750521e+01
-1.363822364155704747e+02 5.872995772232103207e+01
-1.363775149612608573e+02 5.873068193885785604e+01
-1.363758149364120129e+02 5.873137376367416351e+01
-1.363753921343027002e+02 5.873160283160913053e+01
-1.363741148439423796e+02 5.873206556626016095e+01
-1.363736831743345590e+02 5.873207016771502964e+01
-1.363732515045917069e+02 5.873207476772464730e+01
-1.363706703117701977e+02 5.873232679867081174e+01
-1.363693929316418121e+02 5.873278948682770562e+01
-1.363681155174997457e+02 5.873325216242556479e+01
-1.363672609535071842e+02 5.873348578534268682e+01
-1.363629616217928913e+02 5.873398042983509271e+01
-1.363612611453097827e+02 5.873467206409181074e+01
-1.363608382071443827e+02 5.873490108469648163e+01
-1.363565123917196331e+02 5.873472212850587937e+01
-1.363556577129331515e+02 5.873495567488286184e+01
-1.363548030226314438e+02 5.873518921562897077e+01
-1.363543713108680606e+02 5.873519375256480402e+01
-1.363505032983669594e+02 5.873568344594730206e+01
-1.363492255252285759e+02 5.873614593550203011e+01
-1.363483707621287238e+02 5.873637943383466364e+01
-1.363479390344774060e+02 5.873638394928691753e+01
-1.363462207950307459e+02 5.873662646000101972e+01
-1.363449429300439704e+02 5.873708890738932098e+01
-1.363440881147994617e+02 5.873732237748937735e+01
-1.363436563747077628e+02 5.873732687864443847e+01
-1.363419380582393217e+02 5.873756933252995793e+01
-1.363402369864177217e+02 5.873826069130772254e+01
-1.363393821105611607e+02 5.873849413039014422e+01
-1.363389503551211703e+02 5.873849861584066190e+01
-1.363359366703210753e+02 5.873875443774509364e+01
-1.363346585897553211e+02 5.873921678385011802e+01
-1.363338122462230615e+02 5.873967465052736969e+01
-1.363333804751761420e+02 5.873967911738038339e+01
-1.363329487039981416e+02 5.873968358278765578e+01
-1.363294945298591188e+02 5.873971925399911242e+01
-1.363290627575030101e+02 5.873972370639469176e+01
-1.363273442187947069e+02 5.873996596648935764e+01
-1.363256427383466303e+02 5.874065713396424826e+01
-1.363243644503016299e+02 5.874111937865431798e+01
-1.363226628541744105e+02 5.874181050711513308e+01
-1.363218077721713257e+02 5.874204383029542242e+01
-1.363213759696677982e+02 5.874204825705628963e+01
-1.363166091663131851e+02 5.874164792425888493e+01
-1.363157540471836455e+02 5.874188120742891073e+01
-1.363148989165445073e+02 5.874211448496163968e+01
-1.363144671119668487e+02 5.874211888858812358e+01
-1.363118847350212377e+02 5.874236974626434460e+01
-1.363106062000192935e+02 5.874283185532610929e+01
-1.363093276310061128e+02 5.874329395180263447e+01
-1.363045944155410609e+02 5.874379104129528884e+01
-1.363041709924912936e+02 5.874401987740235143e+01
-1.363037475638798810e+02 5.874424871213153665e+01
-1.363033241297067661e+02 5.874447754548277345e+01
-1.363029006899718354e+02 5.874470637745606183e+01
-1.363020454029966970e+02 5.874493957020608548e+01
-1.363016135611903223e+02 5.874494393091474365e+01
-1.362972867759910969e+02 5.874476299097470644e+01
-1.362960079579566468e+02 5.874522495613105377e+01
-1.362947291059118413e+02 5.874568690869570275e+01
-1.362934502198561404e+02 5.874614884866793574e+01
-1.362921712997891177e+02 5.874661077604707771e+01
-1.362908923457102333e+02 5.874707269083241812e+01
-1.362904604755573814e+02 5.874707701428447137e+01
-1.362844225580390969e+02 5.874736185930513699e+01
-1.362827198591213289e+02 5.874805246385179203e+01
-1.362814407257492917e+02 5.874851428542935139e+01
-1.362801615583656485e+02 5.874897609440829882e+01
-1.362793060126659554e+02 5.874920913708672998e+01
-1.362788741140647346e+02 5.874921342182933870e+01
-1.362784422153377193e+02 5.874921770512556662e+01
-1.362741067969240305e+02 5.874881151976856586e+01
-1.362732512141988082e+02 5.874904452240875941e+01
-1.362719719177547120e+02 5.874950625056481357e+01
-1.362698533232160116e+02 5.875064988566266777e+01
-1.362685739225834709e+02 5.875111158036862236e+01
-1.362668707242654023e+02 5.875180197700906604e+01
-1.362664469550268507e+02 5.875203069016752266e+01
-1.362647436694549583e+02 5.875272105893027685e+01
-1.362643198750488125e+02 5.875294976515695566e+01
-1.362626165022190037e+02 5.875364010603909293e+01
-1.362609130617317703e+02 5.875433042458998756e+01
-1.362604810965432591e+02 5.875433464795475658e+01
-1.362565448010944635e+02 5.875302576869537319e+01
-1.362552327681605391e+02 5.875258944861281662e+01
-1.362534888286599823e+02 5.875215731488215454e+01
-1.362526168750499380e+02 5.875194123910316080e+01
-1.362508810632930647e+02 5.875173354101997347e+01
-1.362504491286547932e+02 5.875173773066920546e+01
-1.362500171938934841e+02 5.875174191887190034e+01
-1.362495852590091658e+02 5.875174610562805810e+01
-1.362491533240018384e+02 5.875175029093765744e+01
-1.362474095010220196e+02 5.875131807451083432e+01
-1.362456737505125375e+02 5.875111030608600515e+01
-1.362439380204235420e+02 5.875090251421507048e+01
-1.362426422436395796e+02 5.875091500894964014e+01
-1.362422103178002999e+02 5.875091917096813887e+01
-1.362413384642767937e+02 5.875070301852295529e+01
-1.362396027796234250e+02 5.875049516811652950e+01
-1.362391708584940488e+02 5.875049931993652308e+01
-1.362387389372427435e+02 5.875050347031000797e+01
-1.362370032776078972e+02 5.875029558481460157e+01
-1.362361314716053471e+02 5.875007939697155734e+01
-1.362343958482452706e+02 5.874987147623410522e+01
-1.362339639340022472e+02 5.874987561058720331e+01
-1.362335320196378063e+02 5.874987974349382824e+01
-1.362331001051519763e+02 5.874988387495400843e+01
-1.362300687718254721e+02 5.874968828154317890e+01
-1.362296368591523503e+02 5.874969240139545690e+01
-1.362292049463582373e+02 5.874969651980126173e+01
-1.362287730334431330e+02 5.874970063676061471e+01
-1.362283411204071228e+02 5.874970475227351585e+01
-1.362266055609028967e+02 5.874949672643167986e+01
-1.362248700218456179e+02 5.874928867714925929e+01
-1.362244381132876754e+02 5.874929277957192397e+01
-1.362227025969801844e+02 5.874908470102781166e+01
-1.362209671011250123e+02 5.874887659904436532e+01
-1.362205351970485196e+02 5.874888068837717725e+01
-1.362201032928519453e+02 5.874888477626356575e+01
-1.362187997239498713e+02 5.874867255713340342e+01
-1.362174961707808052e+02 5.874846032476174429e+01
-1.362166245302748564e+02 5.874824400438780714e+01
-1.362148891116447658e+02 5.874803582029532123e+01
-1.362144572170189747e+02 5.874803988923515874e+01
-1.362140253222736987e+02 5.874804395672860124e+01
-1.362135934274089379e+02 5.874804802277567006e+01
-1.362131615324247775e+02 5.874805208737635809e+01
-1.362127296373212459e+02 5.874805615053065821e+01
-1.362122977420984284e+02 5.874806021223857755e+01
-1.362118658467563250e+02 5.874806427250010188e+01
-1.362101304647220843e+02 5.874785602422251429e+01
-1.362096985715661503e+02 5.874786007721649383e+01
-1.362092666782912147e+02 5.874786412876409258e+01
-1.362088347848973058e+02 5.874786817886531054e+01
-1.362084028913844520e+02 5.874787222752015481e+01
-1.362079709977526818e+02 5.874787627472861118e+01
-1.362075391040020804e+02 5.874788032049068676e+01
-1.362066675390451849e+02 5.874766393252279784e+01
-1.362057959848597761e+02 5.874744753861885016e+01
-1.361998036609263636e+02 5.874907527534612939e+01
-1.361989630245351748e+02 5.874975673800595644e+01
-1.361985388313444787e+02 5.874998522942497203e+01
-1.361981146325889540e+02 5.875021371945957327e+01
-1.361976904282685723e+02 5.875044220810966067e+01
-1.361972662183832483e+02 5.875067069537520581e+01
-1.361968420029328684e+02 5.875089918125617316e+01
-1.361959858460213013e+02 5.875113167295495487e+01
-1.361955539100075612e+02 5.875113567871078146e+01
-1.361951219738761552e+02 5.875113968302002831e+01
-1.361946900376271401e+02 5.875114368588268832e+01
-1.361942581012605444e+02 5.875114768729877568e+01
-1.361938261647764250e+02 5.875115168726826909e+01
-1.361933942281748102e+02 5.875115568579116854e+01
-1.361929622914557569e+02 5.875115968286749535e+01
-1.361912268648170539e+02 5.875095118040259479e+01
-1.361907949302940608e+02 5.875095517021091496e+01
-1.361890595264718229e+02 5.875074663849041912e+01
-1.361877560730490870e+02 5.875053410517057273e+01
-1.361868845627317626e+02 5.875031758337568988e+01
-1.361860130631940820e+02 5.875010105564637541e+01
-1.361855734965666045e+02 5.874988055115453278e+01
-1.361851339355039556e+02 5.874966004513785123e+01
-1.361846943800060785e+02 5.874943953759643023e+01
-1.361842548300728595e+02 5.874921902853023425e+01
-1.361838152857042701e+02 5.874899851793936278e+01
-1.361833757469001966e+02 5.874877800582383713e+01
-1.361829362136605823e+02 5.874855749218369283e+01
-1.361824966859853134e+02 5.874833697701896540e+01
-1.361820571638743615e+02 5.874811646032968326e+01
-1.361807310210963919e+02 5.874723042382849059e+01
-1.361729645426738671e+02 5.874752586143161182e+01
-1.361721234160402787e+02 5.874820715086942613e+01
-1.361708578912033545e+02 5.874911683580243249e+01
-1.361704335202446714e+02 5.874934523535969078e+01
-1.361700091437211881e+02 5.874957363353085782e+01
-1.361695772229839463e+02 5.874957755221485201e+01
-1.361691453021315681e+02 5.874958146945230908e+01
-1.361687133811641957e+02 5.874958538524324325e+01
-1.361678420114802464e+02 5.874936873423836659e+01
-1.361674025684434639e+02 5.874914816736536949e+01
-1.361669631309714248e+02 5.874892759896864902e+01
-1.361652129467504722e+02 5.874826978864950888e+01
-1.361634778259422092e+02 5.874806091159517507e+01
-1.361630459229592702e+02 5.874806480834147493e+01
-1.361613108250157893e+02 5.874785590204149344e+01
-1.361604395441672750e+02 5.874763920065731071e+01
-1.361591363784396265e+02 5.874742637696815706e+01
-1.361535365936687469e+02 5.874792569137245835e+01
-1.361531121228530026e+02 5.874815403428402760e+01
-1.361526876464728559e+02 5.874838237580855349e+01
-1.361509822666443768e+02 5.874907124844038009e+01
-1.361497013348054281e+02 5.874953176828878298e+01
-1.361479662415572136e+02 5.874932268243590983e+01
-1.361475343205694912e+02 5.874932652727837734e+01
-1.361471023994688494e+02 5.874933037067431485e+01
-1.361466704782553450e+02 5.874933421262370103e+01
-1.361462385569290063e+02 5.874933805312655011e+01
-1.361458066354898619e+02 5.874934189218284786e+01
-1.361401622508088565e+02 5.874849374647576639e+01
-1.361388811957651228e+02 5.874895415926702213e+01
-1.361384419402338324e+02 5.874873349307578252e+01
-1.361315166988630097e+02 5.874834536390563500e+01
-1.361306601635183142e+02 5.874857742307989383e+01
-1.361302282491768096e+02 5.874858120992696087e+01
-1.361241524545854134e+02 5.874773614703040181e+01
-1.361232958845306484e+02 5.874796815741392209e+01
-1.361220146238140387e+02 5.874842840331090343e+01
-1.361215827100387514e+02 5.874843216119435851e+01
-1.361211435700363950e+02 5.874821143568659920e+01
-1.361207044355986966e+02 5.874799070865790185e+01
-1.361202653067256563e+02 5.874776998010829487e+01
-1.361198261834171603e+02 5.874754925003785644e+01
-1.361185016382262347e+02 5.874666256850024837e+01
-1.361171771605754088e+02 5.874577587301985204e+01
-1.361162918150160408e+02 5.874510990747843664e+01
-1.361149674528493279e+02 5.874422318871919657e+01
-1.361145284078746727e+02 5.874400244023645712e+01
-1.361132041328150706e+02 5.874311570293624385e+01
-1.361118799252761278e+02 5.874222895169890535e+01
-1.361105557852530126e+02 5.874134218652586981e+01
-1.361101168045775580e+02 5.874112142271850701e+01
-1.361087927516414879e+02 5.874023463901056630e+01
-1.361074687662102463e+02 5.873934784137018283e+01
-1.361065837702299177e+02 5.873868180740656442e+01
-1.361056988081609802e+02 5.873801576719249340e+01
-1.361043749860726848e+02 5.873712893696104231e+01
-1.361034901058307582e+02 5.873646288116802339e+01
-1.361026052594937710e+02 5.873579681912618611e+01
-1.361017204470597335e+02 5.873513075083597812e+01
-1.361008356685267984e+02 5.873446467629789680e+01
-1.360999509238929761e+02 5.873379859551241822e+01
-1.360986274088360233e+02 5.873291170472011657e+01
-1.360977427460001934e+02 5.873224560836308683e+01
-1.360968581170569678e+02 5.873157950576031539e+01
-1.360955347652569287e+02 5.873069258240008139e+01
-1.360946502180963478e+02 5.873002646422975204e+01
-1.360933199401718809e+02 5.872891503290085069e+01
-1.360911053415822778e+02 5.872713744415433723e+01
-1.360906666632862141e+02 5.872691661269877272e+01
-1.360897823054146443e+02 5.872625046014676542e+01
-1.360880136912954015e+02 5.872491813631870627e+01
-1.360858066099102928e+02 5.872336493917610056e+01
-1.360853680127142979e+02 5.872314408930645158e+01
-1.360844838521904023e+02 5.872247789940143292e+01
-1.360831541879459508e+02 5.872136635996974263e+01
-1.360822701150159162e+02 5.872070015442430702e+01
-1.360809475487178020e+02 5.871981307739863354e+01
-1.360805020707313417e+02 5.871936772462130705e+01
-1.360787341618679704e+02 5.871803526987194743e+01
-1.360782956766135499e+02 5.871781439540788483e+01
-1.360778571969127313e+02 5.871759351942716876e+01
-1.360774187227653442e+02 5.871737264192984185e+01
-1.360760964064744485e+02 5.871648551389460380e+01
-1.360752125926242400e+02 5.871581925863899443e+01
-1.360747672392485015e+02 5.871537388538205704e+01
-1.360738696545306254e+02 5.871425864736847444e+01
-1.360725406436886828e+02 5.871314699502880785e+01
-1.360707733557642882e+02 5.871181442789124105e+01
-1.360703349992710969e+02 5.871159352573454271e+01
-1.360694514200432366e+02 5.871092722974703548e+01
-1.360681295516691875e+02 5.871004001771383685e+01
-1.360676843630784560e+02 5.870959461908055488e+01
-1.360672391859031620e+02 5.870914921884376980e+01
-1.360650340313297306e+02 5.870759565635911770e+01
-1.360632878384582227e+02 5.870693644660208577e+01
-1.360624181849351828e+02 5.870671907664513611e+01
-1.360611171388741241e+02 5.870650525457579505e+01
-1.360593847076625309e+02 5.870629496730271057e+01
-1.360589533065928265e+02 5.870629851384831710e+01
-1.360572345042756695e+02 5.870653717376654868e+01
-1.360559470856538269e+02 5.870677227576344848e+01
-1.360550910599856422e+02 5.870700383274354550e+01
-1.360533721959781417e+02 5.870724244129586822e+01
-1.360529407823583767e+02 5.870724596774622484e+01
-1.360525093686352420e+02 5.870724949275229676e+01
-1.360520779548088512e+02 5.870725301631409820e+01
-1.360516465408792044e+02 5.870725653843161496e+01
-1.360512151268463867e+02 5.870726005910484702e+01
-1.360507837127103699e+02 5.870726357833380860e+01
-1.360503522984712674e+02 5.870726709611847838e+01
-1.360499208841290795e+02 5.870727061245887768e+01
-1.360494894696838628e+02 5.870727412735497808e+01
-1.360490580551356459e+02 5.870727764080680799e+01
-1.360473256564237658e+02 5.870706719130678408e+01
-1.360455932783690685e+02 5.870685671844366027e+01
-1.360451618684456037e+02 5.870686021883543049e+01
-1.360447304584195649e+02 5.870686371778292312e+01
-1.360442990482910091e+02 5.870686721528616658e+01
-1.360438676380599645e+02 5.870687071134512536e+01
-1.360434362277265166e+02 5.870687420595982786e+01
-1.360430048172906368e+02 5.870687769913025988e+01
-1.360425734067524104e+02 5.870688119085641432e+01
-1.360382860208222553e+02 5.870781398669966222e+01
-1.360378612768088544e+02 5.870804195217468191e+01
-1.360365803407397038e+02 5.870850135066943665e+01
-1.360348745933409873e+02 5.870918869218559877e+01
-1.360335935756718584e+02 5.870964806114782419e+01
-1.360331621295909486e+02 5.870965152146449384e+01
-1.360327306834086301e+02 5.870965498033671537e+01
-1.360322925937439891e+02 5.870943394791351011e+01
-1.360309783580540000e+02 5.870877084156318659e+01
-1.360292128753177394e+02 5.870743769830764336e+01
-1.360287748358085480e+02 5.870721665370048470e+01
-1.360278921591242351e+02 5.870655006968439693e+01
-1.360270095162422024e+02 5.870588347945348318e+01
-1.360256889151248743e+02 5.870499582769433999e+01
-1.360248063538147960e+02 5.870432922197109349e+01
-1.360239238263004893e+02 5.870366261003464103e+01
-1.360230413325800782e+02 5.870299599188545159e+01
-1.360217209420523830e+02 5.870210829844245382e+01
-1.360199561515030382e+02 5.870077502495851007e+01
-1.360190738069075564e+02 5.870010837890033883e+01
-1.360173092190652540e+02 5.869877506815394952e+01
-1.360164269758146531e+02 5.869810840346668357e+01
-1.360155447663418045e+02 5.869744173257066677e+01
-1.360146625906448037e+02 5.869677505546635388e+01
-1.360133361315008074e+02 5.869566278233884304e+01
-1.360128918256693566e+02 5.869521719092730194e+01
-1.360124475312268260e+02 5.869477159791972554e+01
-1.360115524706180565e+02 5.869365591526167236e+01
-1.360111017104915163e+02 5.869298582551027010e+01
-1.360102067391982246e+02 5.869187013293630173e+01
-1.360097560282802931e+02 5.869120003814956021e+01
-1.360084234538739452e+02 5.868986322027434710e+01
-1.360071039338041317e+02 5.868897537272048481e+01
-1.360057844809435323e+02 5.868808751133335733e+01
-1.360040339227178379e+02 5.868720299811428731e+01
-1.360035962970179355e+02 5.868698186603307931e+01
-1.360031586768605223e+02 5.868676073244137825e+01
-1.360027210622454561e+02 5.868653959733921965e+01
-1.360022834531726801e+02 5.868631846072663905e+01
-1.360018458496421374e+02 5.868609732260367196e+01
-1.360014082516537428e+02 5.868587618297035391e+01
-1.360009706592073542e+02 5.868565504182675596e+01
-1.360005330723029999e+02 5.868543389917286390e+01
-1.360000954909405095e+02 5.868521275500875589e+01
-1.359979204988201502e+02 5.868455599778449283e+01
-1.359974829449703577e+02 5.868433484463508876e+01
-1.359974765320067434e+02 5.868411035147744315e+01
-1.359938613199570341e+02 5.867830018795472569e+01
-1.359925426085079039e+02 5.867741218734601460e+01
-1.359916613802778613e+02 5.867674534799250807e+01
-1.359898990249690200e+02 5.867541165070120712e+01
-1.359890242541362682e+02 5.867496928682570712e+01
-1.359885868770269610e+02 5.867474810262451257e+01
-1.359877121394221717e+02 5.867430572969545466e+01
-1.359854557310434302e+02 5.867073033255307024e+01
-1.359845684810179023e+02 5.866983894862244142e+01
-1.359828067465900290e+02 5.866850515109186404e+01
-1.359823694899695568e+02 5.866828394521187562e+01
-1.359819259299194130e+02 5.866783824304156525e+01
-1.359823505547707896e+02 5.866761046095196974e+01
-1.359831997878676475e+02 5.866715489259458849e+01
-1.359844799209930102e+02 5.866669602427248265e+01
-1.359861846008051884e+02 5.866600934862139383e+01
-1.359870400861695998e+02 5.866577824963429322e+01
-1.359909246427182836e+02 5.866597295261703238e+01
-1.359913619241167737e+02 5.866619412944838530e+01
-1.359917992110500222e+02 5.866641530477117783e+01
-1.359922365035180576e+02 5.866663647858534603e+01
-1.359926738015209935e+02 5.866685765089088989e+01
-1.359935484141317943e+02 5.866729999097579906e+01
-1.359952913109145243e+02 5.866796015916638396e+01
-1.359961595837244204e+02 5.866817798741333689e+01
-1.359978897500165544e+02 5.866838913254393617e+01
-1.360013372769218165e+02 5.866836236596817145e+01
-1.360026365400031807e+02 5.866857679806523151e+01
-1.360039358189060010e+02 5.866879121699788868e+01
-1.360056660614713735e+02 5.866900225738636010e+01
-1.360060970092148125e+02 5.866899889056473683e+01
-1.360127579078008182e+02 5.866086308530537963e+01
-1.360127514026374627e+02 5.866063859237399924e+01
-1.360127448975731568e+02 5.866041409943430551e+01
-1.360127383926079574e+02 5.866018960648624159e+01
-1.360127318877417792e+02 5.865996511352986431e+01
-1.360127253829747360e+02 5.865974062056513105e+01
-1.360127188783067425e+02 5.865951612759207023e+01
-1.360127123737378270e+02 5.865929163461068896e+01
-1.360127058692679611e+02 5.865906714162096591e+01
-1.360116817790445225e+02 5.865346158841668256e+01
-1.360112315430583294e+02 5.865279149346712728e+01
-1.360107748342095704e+02 5.865189690344787721e+01
-1.360103181489601525e+02 5.865100231161668631e+01
-1.360094048492509842e+02 5.864921312251910734e+01
-1.360080544907933415e+02 5.864720280652161932e+01
-1.360071608041436377e+02 5.864608708122630532e+01
-1.360067172135863700e+02 5.864564146305813352e+01
-1.360062477967834127e+02 5.864429786752890550e+01
-1.360035737481674687e+02 5.864117512593416848e+01
-1.360022626336861720e+02 5.864051171074908098e+01
-1.360018256065758635e+02 5.864029056933853212e+01
-1.360005081372161442e+02 5.863940264154018678e+01
-1.359996277230781914e+02 5.863873585047074499e+01
-1.359983103682406238e+02 5.863784789962861055e+01
-1.359978733994305742e+02 5.863762674453739976e+01
-1.359965497359435744e+02 5.863651428044301639e+01
-1.359934912649588625e+02 5.863496612042751366e+01
-1.359921742081588434e+02 5.863407810539780485e+01
-1.359912940873131504e+02 5.863341125592735636e+01
-1.359895339464756603e+02 5.863207753843298065e+01
-1.359890971052758744e+02 5.863185635297890030e+01
-1.359886602695979434e+02 5.863163516601833436e+01
-1.359882234394418106e+02 5.863141397755136097e+01
-1.359872611208222395e+02 5.862782865525791465e+01
-1.359863622697943129e+02 5.862648828304129012e+01
-1.359859128702757118e+02 5.862581809440050051e+01
-1.359850204412732069e+02 5.862470220815240651e+01
-1.359845710906895704e+02 5.862403201450138823e+01
-1.359836787505008147e+02 5.862291611838703176e+01
-1.359827927706141963e+02 5.862202471207118748e+01
-1.359792744229484640e+02 5.861935701002647647e+01
-1.359784074684313850e+02 5.861913906255477968e+01
-1.359775279874457397e+02 5.861847211558765025e+01
-1.359748959971053921e+02 5.861669573468865480e+01
-1.359744531925281876e+02 5.861625000111830985e+01
-1.359731123680704741e+02 5.861446379640092630e+01
-1.359726696146551603e+02 5.861401805639362550e+01
-1.359722268725549839e+02 5.861357231479988883e+01
-1.359726384344813255e+02 5.861289556980765525e+01
-1.359734615109776144e+02 5.861154207579522080e+01
-1.359738730255497501e+02 5.861086532677524019e+01
-1.359742970159036588e+02 5.861063757104320615e+01
-1.359759929221799268e+02 5.860972653421450218e+01
-1.359768596282075634e+02 5.860994449897820147e+01
-1.359777263449769009e+02 5.861016245786348833e+01
-1.359790295783616898e+02 5.861060163366605735e+01
-1.359794660897494509e+02 5.861082285495727007e+01
-1.359799026066512795e+02 5.861104407474375932e+01
-1.359803391290672323e+02 5.861126529302553934e+01
-1.359807756569974231e+02 5.861148650980256747e+01
-1.359812121904418802e+02 5.861170772507480109e+01
-1.359846857170744840e+02 5.861280390350956537e+01
-1.359885517041897742e+02 5.861254970346425353e+01
-1.359889819592719107e+02 5.861254639587952653e+01
-1.359894122142575839e+02 5.861254308685577996e+01
-1.359898424691467653e+02 5.861253977639303514e+01
-1.359902727239394267e+02 5.861253646449126364e+01
-1.359907029786355110e+02 5.861253315115047258e+01
-1.359911332332349900e+02 5.861252983637069036e+01
-1.359915634877378068e+02 5.861252652015188858e+01
-1.359919937421439329e+02 5.861252320249406722e+01
-1.359924239964533115e+02 5.861251988339724761e+01
-1.359928542506658857e+02 5.861251656286140843e+01
-1.359945816429234924e+02 5.861272776219911407e+01
-1.359950118994088655e+02 5.861272443443906610e+01
-1.359954421557971500e+02 5.861272110523999856e+01
-1.359958724120884028e+02 5.861271777460191856e+01
-1.359963026682825102e+02 5.861271444252481899e+01
-1.359967329243794723e+02 5.861271110900871406e+01
-1.359971631803792604e+02 5.861270777405357535e+01
-1.360038477605153844e+02 5.860569486316938992e+01
-1.360038413265134523e+02 5.860547036768453211e+01
-1.360050867314611196e+02 5.860388881993125665e+01
-1.360060741384077971e+02 5.859332743623197359e+01
-1.360056312368430724e+02 5.859288180870812113e+01
-1.360051883465865501e+02 5.859243617959515404e+01
-1.360043025999963220e+02 5.859154491660213893e+01
-1.360034104711828036e+02 5.859042915121018069e+01
-1.360020755942683763e+02 5.858886773894392519e+01
-1.360016328003567310e+02 5.858842209702867621e+01
-1.360011900177487973e+02 5.858797645352505867e+01
-1.360007472464440639e+02 5.858753080843314365e+01
-1.359994190003446022e+02 5.858619386362826731e+01
-1.359989762742480934e+02 5.858574821218388706e+01
-1.359985335594525395e+02 5.858530255915157881e+01
-1.359980908559573720e+02 5.858485690453145622e+01
-1.359976353859807432e+02 5.858396225499949850e+01
-1.359971863251783475e+02 5.858329210039172352e+01
-1.359967372816634565e+02 5.858262194409631007e+01
-1.359945305300870757e+02 5.858061811945640329e+01
-1.359932091443323827e+02 5.857950560469485168e+01
-1.359927665822950758e+02 5.857905993093534391e+01
-1.359909964470817556e+02 5.857727722003036774e+01
-1.359901051085446397e+02 5.857616135760606824e+01
-1.359896626284991044e+02 5.857571567269513935e+01
-1.359892201597442067e+02 5.857526998619797354e+01
-1.359883289292865243e+02 5.857415411080180689e+01
-1.359878864973431689e+02 5.857370841950092455e+01
-1.359869953494264507e+02 5.857259253435292123e+01
-1.359865529542893228e+02 5.857214683824906132e+01
-1.359856618889012054e+02 5.857103094335097637e+01
-1.359843348477488405e+02 5.856969383587684774e+01
-1.359824964515489114e+02 5.856544152239926149e+01
-1.359820542045388549e+02 5.856499580989773079e+01
-1.359815994061760023e+02 5.856410109891821492e+01
-1.359797553728283503e+02 5.855962424212946615e+01
-1.359792819088905560e+02 5.855805602547476241e+01
-1.359792756440286610e+02 5.855783152664741920e+01
-1.359792693792619218e+02 5.855760702781177685e+01
-1.359792631145903101e+02 5.855738252896780693e+01
-1.359792568500139112e+02 5.855715803011551657e+01
-1.359792505855326112e+02 5.855693353125491285e+01
-1.359792443211464672e+02 5.855670903238596736e+01
-1.359792380568555075e+02 5.855648453350872273e+01
-1.359792317926596468e+02 5.855626003462315055e+01
-1.359792255285589704e+02 5.855603553572925080e+01
-1.359792192645533930e+02 5.855581103682705191e+01
-1.359782662769172248e+02 5.855245009596058026e+01
-1.359778179948399384e+02 5.855177986825091807e+01
-1.359778117408797016e+02 5.855155536910469749e+01
-1.359778054870144786e+02 5.855133086995014935e+01
-1.359772572277919380e+02 5.854706865198974697e+01
-1.359763483726645177e+02 5.854527918731032798e+01
-1.359759002201159603e+02 5.854460895180190505e+01
-1.359758939801727422e+02 5.854438445227508225e+01
-1.359758877403242252e+02 5.854415995273995321e+01
-1.359758815005705230e+02 5.854393545319651793e+01
-1.359722721117178708e+02 5.853767550735621938e+01
-1.359718241353509143e+02 5.853700525634527452e+01
-1.359709344403347018e+02 5.853588924944730110e+01
-1.359704927157261523e+02 5.853544349365889587e+01
-1.359696031029903907e+02 5.853432747703786987e+01
-1.359691552208180951e+02 5.853365721610713024e+01
-1.359682656963056502e+02 5.853254118966651021e+01
-1.359678240480088789e+02 5.853209542425506839e+01
-1.359669346057510495e+02 5.853097938809490586e+01
-1.359664868177422647e+02 5.853030911724822261e+01
-1.359664806414416773e+02 5.853008461659241846e+01
-1.359664744652348531e+02 5.852986011592832227e+01
-1.359664682891217637e+02 5.852963561525589142e+01
-1.359611392642044336e+02 5.852316374125918230e+01
-1.359602502627716092e+02 5.852204765603826075e+01
-1.359598088491241867e+02 5.852160186168845257e+01
-1.359593368045845523e+02 5.852003355844025378e+01
-1.359593306764368492e+02 5.851980905695153723e+01
-1.359593245483821420e+02 5.851958455545452154e+01
-1.359593184204204022e+02 5.851936005394919249e+01
-1.359593122925516582e+02 5.851913555243555720e+01
-1.359593061647759100e+02 5.851891105091360146e+01
-1.359593000370931293e+02 5.851868654938336078e+01
-1.359592939095033159e+02 5.851846204784479966e+01
-1.359592877820064984e+02 5.851823754629793939e+01
-1.359592816546026199e+02 5.851801304474275156e+01
-1.359592755272917373e+02 5.851778854317927170e+01
-1.359592694000738220e+02 5.851756404160746428e+01
-1.359592632729489026e+02 5.851733954002738614e+01
-1.359592571459168937e+02 5.851711503843895201e+01
-1.359592510189778807e+02 5.851689053684225428e+01
-1.359592448921318351e+02 5.851666603523723609e+01
-1.359592387653787284e+02 5.851644153362389744e+01
-1.359592326387185892e+02 5.851621703200224545e+01
-1.359592265121513890e+02 5.851599253037230142e+01
-1.359592203856771846e+02 5.851576802873404404e+01
-1.359592142592958908e+02 5.851554352708747331e+01
-1.359592081330075644e+02 5.851531902543259633e+01
-1.359592020068121769e+02 5.851509452376940601e+01
-1.359591958807097285e+02 5.851487002209790234e+01
-1.359591897547002475e+02 5.851464552041811373e+01
-1.359591836287837054e+02 5.851442101872999046e+01
-1.359591775029600740e+02 5.851419651703357516e+01
-1.359591713772294099e+02 5.851397201532886783e+01
-1.359591652515916564e+02 5.851374751361581161e+01
-1.359591591260468704e+02 5.851352301189448468e+01
-1.359591530005949664e+02 5.851329851016480887e+01
-1.359591468752360299e+02 5.851307400842684814e+01
-1.359591407499700040e+02 5.851284950668058116e+01
-1.359591346247969170e+02 5.851262500492600083e+01
-1.359591284997167691e+02 5.851240050316311425e+01
-1.359591223747295317e+02 5.851217600139191433e+01
-1.359591162498352048e+02 5.851195149961240816e+01
-1.359591101250337886e+02 5.851172699782459574e+01
-1.359591040003252829e+02 5.851150249602847708e+01
-1.359590978757097162e+02 5.851127799422403797e+01
-1.359590917511870600e+02 5.851105349241129261e+01
-1.359590856267572860e+02 5.851082899059024811e+01
-1.359590795024204510e+02 5.851060448876088316e+01
-1.359594411213933824e+02 5.850813176283269712e+01
-1.359594349954332984e+02 5.850790726093166683e+01
-1.359594288695661248e+02 5.850768275902233029e+01
-1.359594227437918903e+02 5.850745825710468750e+01
-1.359594166181105663e+02 5.850723375517873848e+01
-1.359594104925221814e+02 5.850700925324446899e+01
-1.359594043670267070e+02 5.850678475130189327e+01
-1.359598210748656584e+02 5.850633254092622337e+01
-1.359602439026318734e+02 5.850610483111616134e+01
-1.359615062145468301e+02 5.850519719151425591e+01
-1.359627684614145835e+02 5.850428953955668732e+01
-1.359636078726796597e+02 5.850360959746116407e+01
-1.359648638492227235e+02 5.850247742319604072e+01
-1.359652804362124812e+02 5.850202519514167676e+01
-1.359661197451521559e+02 5.850134523667330200e+01
-1.359673817352725393e+02 5.850043753954314951e+01
-1.359682209658790271e+02 5.849975756739181065e+01
-1.359690601641169962e+02 5.849907758977430206e+01
-1.359698993299883796e+02 5.849839760669112110e+01
-1.359711611172255346e+02 5.849748987256894850e+01
-1.359720002047837397e+02 5.849680987580752856e+01
-1.359732556698465089e+02 5.849567761971014335e+01
-1.359736720690511049e+02 5.849522536448640153e+01
-1.359740884575960536e+02 5.849477310791070295e+01
-1.359745048354818664e+02 5.849432084998316839e+01
-1.359749212027089129e+02 5.849386859070384048e+01
-1.359753375592777331e+02 5.849341633007281160e+01
-1.359757539051887534e+02 5.849296406809011728e+01
-1.359761764694930548e+02 5.849273630609092578e+01
-1.359765990283271719e+02 5.849250854270815125e+01
-1.359782954513107143e+02 5.849182197656744364e+01
-1.359795692876379007e+02 5.849136316261242996e+01
-1.359804205786168154e+02 5.849113211335507856e+01
-1.359812718583719686e+02 5.849090105847509591e+01
-1.359821231269033603e+02 5.849066999797263122e+01
-1.359834031459652692e+02 5.849043564714191490e+01
-1.359846831478581635e+02 5.849020128358561266e+01
-1.359863918881996767e+02 5.848996361263056087e+01
-1.359876718527315234e+02 5.848972921935659741e+01
-1.359889518000919395e+02 5.848949481335823464e+01
-1.359902317302802714e+02 5.848926039463579230e+01
-1.359915053173181718e+02 5.848880146275624270e+01
-1.359927852050531669e+02 5.848856701866536412e+01
-1.359936363408604336e+02 5.848833588210052881e+01
-1.359953322286938828e+02 5.848764909189589645e+01
-1.359957609548602875e+02 5.848764576600601117e+01
-1.359961896809303994e+02 5.848764243868409807e+01
-1.359966184069041901e+02 5.848763910993018555e+01
-1.359970471327815460e+02 5.848763577974425232e+01
-1.359987556634446548e+02 5.848739794469128128e+01
-1.359991843861053553e+02 5.848739460737448326e+01
-1.359996131086694504e+02 5.848739126862569293e+01
-1.360000418311368264e+02 5.848738792844490320e+01
-1.360004705535074834e+02 5.848738458683212116e+01
-1.360008992757813644e+02 5.848738124378735392e+01
-1.360013279979584695e+02 5.848737789931058728e+01
-1.360061581420984282e+02 5.847633717003327547e+01
-1.360057103148014903e+02 5.847566703050210890e+01
-1.360052625046733112e+02 5.847499688928817818e+01
-1.360048147117126973e+02 5.847432674639156147e+01
-1.360038999742374415e+02 5.847231295507131676e+01
-1.360034522418395682e+02 5.847164280696442518e+01
-1.360021091476157267e+02 5.846963235255145719e+01
-1.360016678696730992e+02 5.846918669815674008e+01
-1.360012138372635206e+02 5.846829204120054158e+01
-1.360003058423268385e+02 5.846650272189297937e+01
-1.359963734088443914e+02 5.846383872209419508e+01
-1.359950817571229038e+02 5.846362419802633070e+01
-1.359937837868462509e+02 5.846318515971833563e+01
-1.359929206007743119e+02 5.846296729389881364e+01
-1.359924858488448649e+02 5.846274610815289918e+01
-1.359920511023744325e+02 5.846252492091001329e+01
-1.359916163613629578e+02 5.846230373217027676e+01
-1.359911816258103840e+02 5.846208254193366116e+01
-1.359907468957165975e+02 5.846186135020025887e+01
-1.359894364322745162e+02 5.846097326446512454e+01
-1.359890017268399163e+02 5.846075206670756330e+01
-1.359885670268635636e+02 5.846053086745342853e+01
-1.359881323323455433e+02 5.846030966670269891e+01
-1.359876976432856281e+02 5.846008846445545259e+01
-1.359872629596838181e+02 5.845986726071169670e+01
-1.359868282815400562e+02 5.845964605547145965e+01
-1.359863936088541720e+02 5.845942484873483380e+01
-1.359859589416261656e+02 5.845920364050181206e+01
-1.359850833459692296e+02 5.845853671761239667e+01
-1.359842077835329803e+02 5.845786978858124172e+01
-1.359803025177748168e+02 5.845610329497687019e+01
-1.359785829044596426e+02 5.845589187658346475e+01
-1.359777199904885094e+02 5.845567390745038239e+01
-1.359764225286827752e+02 5.845523469147725848e+01
-1.359751250991440656e+02 5.845479546225669765e+01
-1.359738277018721533e+02 5.845435621978938201e+01
-1.359733931759566588e+02 5.845413496839812950e+01
-1.359720896309458169e+02 5.845347120525254070e+01
-1.359716551268538467e+02 5.845324994788023076e+01
-1.359712206282175089e+02 5.845302868901269733e+01
-1.359707861350368034e+02 5.845280742865005408e+01
-1.359703516473116451e+02 5.845258616679230812e+01
-1.359699171650418634e+02 5.845236490343949498e+01
-1.359673103859832395e+02 5.845103729192841513e+01
-1.359664476601464571e+02 5.845081924625829828e+01
-1.359651566656343391e+02 5.845060441857600608e+01
-1.359634374097913962e+02 5.845039279592738524e+01
-1.359630091327483683e+02 5.845039601257828110e+01
-1.359617181743727770e+02 5.845018115016590343e+01
-1.359608555037640087e+02 5.844996306669214192e+01
-1.359599928437861536e+02 5.844974497737807440e+01
-1.359582614513155931e+02 5.844908427717865607e+01
-1.359573988287779116e+02 5.844886617028033271e+01
-1.359561079601643030e+02 5.844865125109028980e+01
-1.359548171071750176e+02 5.844843631885553492e+01
-1.359530980179129358e+02 5.844822455705951114e+01
-1.359513789490873990e+02 5.844801277215481861e+01
-1.359496599007006523e+02 5.844780096414205417e+01
-1.359483691175727529e+02 5.844758596678006057e+01
-1.359475065923478780e+02 5.844736779302081686e+01
-1.359466440777561616e+02 5.844714961342337745e+01
-1.359453533366122997e+02 5.844693458556775312e+01
-1.359444908458315240e+02 5.844671639140717190e+01
-1.359436283656843045e+02 5.844649819140885683e+01
-1.359427658961707834e+02 5.844627998557297843e+01
-1.359414692135071903e+02 5.844584041324458923e+01
-1.359410349951765227e+02 5.844561905109650013e+01
-1.359406007822989295e+02 5.844539768745545416e+01
-1.359401665748742971e+02 5.844517632232147264e+01
-1.359354383136068805e+02 5.844453725314497916e+01
-1.359290684205149375e+02 5.844660450207799585e+01
-1.359286461004132036e+02 5.844683210989169453e+01
-1.359282237748578837e+02 5.844705971632149044e+01
-1.359278014438488924e+02 5.844728732136738358e+01
-1.359273791073861446e+02 5.844751492502927448e+01
-1.359256661207568584e+02 5.844752730105855676e+01
-1.359243872680920333e+02 5.844776107435495760e+01
-1.359239590182167774e+02 5.844776416052506818e+01
-1.359235307682523626e+02 5.844776724526529676e+01
-1.359231025181988457e+02 5.844777032857566468e+01
-1.359226742680562552e+02 5.844777341045616481e+01
-1.359222460178246763e+02 5.844777649090679716e+01
-1.359218177675041659e+02 5.844777956992756174e+01
-1.359213895170946671e+02 5.844778264751845143e+01
-1.359209612665963220e+02 5.844778572367948044e+01
-1.359205330160091023e+02 5.844778879841062746e+01
-1.359166378844742553e+02 5.844624485907211664e+01
-1.359149191267692061e+02 5.844603258453764738e+01
-1.359144908967573144e+02 5.844603563903694265e+01
-1.359140626666572018e+02 5.844603869210646963e+01
-1.359140568445652377e+02 5.844581418510841075e+01
-1.359140510225614378e+02 5.844558967810207406e+01
-1.359140452006457735e+02 5.844536517108743823e+01
-1.359140393788183303e+02 5.844514066406453878e+01
-1.359140335570790228e+02 5.844491615703334730e+01
-1.359140277354278794e+02 5.844469164999388511e+01
-1.359144151809948653e+02 5.844311704776306726e+01
-1.359147967668481272e+02 5.844131793696013233e+01
-1.359151957983119132e+02 5.844019234604954960e+01
-1.359155889743763623e+02 5.843884224662152604e+01
-1.359159879532827517e+02 5.843771665295751205e+01
-1.359163927418854030e+02 5.843681556510175312e+01
-1.359167858357019441e+02 5.843546546152226995e+01
-1.359171905786145942e+02 5.843456437095809264e+01
-1.359175894592918041e+02 5.843343877183318114e+01
-1.359179824708893989e+02 5.843208866410378022e+01
-1.359187859506079974e+02 5.843006196624820348e+01
-1.359191496273329562e+02 5.842758931784635479e+01
-1.359191437770621178e+02 5.842736481051671404e+01
-1.359195249590772505e+02 5.842556568236602033e+01
-1.359198885407396062e+02 5.842309303040990187e+01
-1.359198826867945797e+02 5.842286852296814459e+01
-1.359202754967961653e+02 5.842151840655421324e+01
-1.359206565608479593e+02 5.841971927373559481e+01
-1.359210317268633617e+02 5.841769563183586200e+01
-1.359214068509866422e+02 5.841567198831993579e+01
-1.359217702056571397e+02 5.841319932786844049e+01
-1.359217643420055310e+02 5.841297482019618315e+01
-1.359217584784426833e+02 5.841275031251564087e+01
-1.359217526149685114e+02 5.841252580482682077e+01
-1.359221217804172284e+02 5.841027765009565087e+01
-1.359224967673887932e+02 5.840825400144613155e+01
-1.359228775816552854e+02 5.840645485902170719e+01
-1.359232583580051994e+02 5.840465571506944542e+01
-1.359236332232795235e+02 5.840263206167038845e+01
-1.359239962968215991e+02 5.840015939069811424e+01
-1.359239904220033850e+02 5.839993488270631161e+01
-1.359243651978731862e+02 5.839791122593531014e+01
-1.359247458105867850e+02 5.839611207563746120e+01
-1.359251322661705501e+02 5.839453743193129043e+01
-1.359255186879824180e+02 5.839296278676913232e+01
-1.359259109610538871e+02 5.839161264832347342e+01
-1.359263208668001255e+02 5.839093603301146373e+01
-1.359279426423779000e+02 5.838755603386044868e+01
-1.359283406640387000e+02 5.838643039548169611e+01
-1.359287445623158419e+02 5.838552926394662279e+01
-1.359294991437847955e+02 5.838170642257480125e+01
-1.359294932382390755e+02 5.838148191428068401e+01
-1.359294873327826281e+02 5.838125740597823921e+01
-1.359294814274154533e+02 5.838103289766753079e+01
-1.359294755221375794e+02 5.838080838934848771e+01
-1.359294696169489782e+02 5.838058388102113838e+01
-1.359294637118496212e+02 5.838035937268550413e+01
-1.359298616062427811e+02 5.837923372868078076e+01
-1.359302653852704168e+02 5.837833259167781108e+01
-1.359314943507675650e+02 5.837630269771563718e+01
-1.359318921360500099e+02 5.837517704699953214e+01
-1.359322898963432920e+02 5.837405139492148010e+01
-1.359326580136909115e+02 5.837180319939363926e+01
-1.359330260856411599e+02 5.836955500215293569e+01
-1.359333881852469403e+02 5.836708229464536402e+01
-1.359333822583789697e+02 5.836685778608277531e+01
-1.359333763316006127e+02 5.836663327751190877e+01
-1.359333704049117841e+02 5.836640876893272178e+01
-1.359333644783125692e+02 5.836618426034522855e+01
-1.359333585518028542e+02 5.836595975174942197e+01
-1.359337561646175345e+02 5.836483409392377553e+01
-1.359375596870204674e+02 5.836323443850164949e+01
-1.359379869111613175e+02 5.836323130971823048e+01
-1.359384141352121560e+02 5.836322817950966879e+01
-1.359388413591729829e+02 5.836322504787593601e+01
-1.359392685830437415e+02 5.836322191481704635e+01
-1.359396958068243748e+02 5.836321878033300692e+01
-1.359401230305148545e+02 5.836321564442379639e+01
-1.359405502541151236e+02 5.836321250708944319e+01
-1.359409774776252107e+02 5.836320936832994732e+01
-1.359414047010449735e+02 5.836320622814528747e+01
-1.359452137015219364e+02 5.836183085459867215e+01
-1.359456409077689614e+02 5.836182770032768019e+01
-1.359490525293545033e+02 5.836157790711746429e+01
-1.359533063962813060e+02 5.836087264986198164e+01
-1.359571086041044623e+02 5.835927241654053432e+01
-1.359575296996427483e+02 5.835904471539819127e+01
-1.359579568707120245e+02 5.835904152013497992e+01
-1.359583840416894418e+02 5.835903832344686037e+01
-1.359600988192768227e+02 5.835925002955405461e+01
-1.359605259925048699e+02 5.835924682571346267e+01
-1.359609531656407739e+02 5.835924362044795544e+01
-1.359613803386845348e+02 5.835924041375754001e+01
-1.359618075116360671e+02 5.835923720564220218e+01
-1.359622346844953711e+02 5.835923399610197038e+01
-1.359626618572623613e+02 5.835923078513682327e+01
-1.359652126377670811e+02 5.835876247586971743e+01
-1.359656398044657237e+02 5.835875925498641692e+01
-1.359660669710717684e+02 5.835875603267824374e+01
-1.359698806835056359e+02 5.835760443530576680e+01
-1.359703078356311892e+02 5.835760119889002340e+01
-1.359707349876636613e+02 5.835759796104946417e+01
-1.359711621396030807e+02 5.835759472178411045e+01
-1.359749755597284206e+02 5.835644297329021413e+01
-1.359754026971836538e+02 5.835643971991871837e+01
-1.359758298345453511e+02 5.835643646512248495e+01
-1.359788197934548748e+02 5.835641364165608991e+01
-1.359792469300668074e+02 5.835641037546193388e+01
-1.359830599571006076e+02 5.835525838711122759e+01
-1.359834870792219021e+02 5.835525510681286221e+01
-1.359860372933933661e+02 5.835478638405135854e+01
-1.359864644094341202e+02 5.835478309383775297e+01
-1.359890145495585330e+02 5.835431431195444674e+01
-1.359928207293295657e+02 5.835293752881663210e+01
-1.359932478221755900e+02 5.835293421604013986e+01
-1.359936749149264017e+02 5.835293090183912312e+01
-1.359941020075819438e+02 5.835292758621357478e+01
