0 247 0.000000
0 248 0.000000
11 245 0.000000
12 245 0.000000
18 245 0.000000
47 251 0.000000
59 253 0.000000
56 255 0.000000
55 255 0.000000
43 253 0.000000
41 254 1.000000
46 253 0.000000
47 253 0.000000
37 246 0.000000
37 247 0.000000
36 246 0.000000
35 245 0.000000
19 245 0.000000
20 245 0.000000
21 245 0.000000
22 245 0.000000
23 245 0.000000
24 245 0.000000
25 245 0.000000
26 245 0.000000
27 245 0.000000
28 245 0.000000
29 245 0.000000
30 245 0.000000
31 245 0.000000
32 245 0.000000
33 245 0.000000
34 245 0.000000
19 246 0.000000
35 246 0.000000
36 247 0.000000
37 248 0.000000
34 246 0.000000
20 246 0.000000
65 282 0.000000
67 269 0.000000
66 270 0.000000
66 269 0.000000
83 233 0.000000
98 241 0.000000
98 242 0.000000
101 244 0.000000
100 245 0.000000
100 244 0.000000
100 243 0.000000
94 215 0.000000
94 218 0.000000
90 216 0.000000
87 228 0.000000
87 227 0.000000
88 224 0.000000
93 230 0.000000
91 234 0.000000
93 230 1.000000
85 233 0.000000
91 256 0.000000
94 210 0.000000
94 213 0.000000
94 212 0.000000
94 211 0.000000
91 210 0.000000
92 210 0.000000
93 210 0.000000
90 211 0.000000
90 214 0.000000
90 213 0.000000
90 212 0.000000
90 212 1.000000
90 213 1.000000
90 214 1.000000
94 284 0.000000
93 285 0.000000
93 286 0.000000
78 295 0.000000
78 294 0.000000
82 299 1.000000
95 301 0.000000
92 293 1.000000
110 291 0.000000
109 292 0.000000
110 292 0.000000
104 327 0.000000
105 327 0.000000
105 326 0.000000
106 326 0.000000
106 325 0.000000
105 325 0.000000
105 324 0.000000
105 323 0.000000
105 322 0.000000
108 324 0.000000
109 321 0.000000
108 321 0.000000
108 320 0.000000
106 320 0.000000
106 319 0.000000
107 319 0.000000
107 318 0.000000
107 317 0.000000
107 316 0.000000
108 316 0.000000
110 316 0.000000
106 316 1.000000
106 316 0.000000
105 316 0.000000
104 316 0.000000
104 315 0.000000
101 314 1.000000
99 320 1.000000
99 319 1.000000
101 319 1.000000
101 320 1.000000
100 317 1.000000
102 318 1.000000
99 311 1.000000
94 316 1.000000
97 323 0.000000
97 323 1.000000
94 341 0.000000
96 333 1.000000
97 348 1.000000
116 337 0.000000
116 335 0.000000
120 328 0.000000
121 324 0.000000
120 325 0.000000
118 326 0.000000
119 326 0.000000
114 332 1.000000
129 329 0.000000
137 326 1.000000
125 322 0.000000
126 322 0.000000
126 321 0.000000
127 321 0.000000
128 321 0.000000
127 320 0.000000
127 319 0.000000
123 332 0.000000
123 333 0.000000
122 333 0.000000
100 323 1.000000
101 329 1.000000
120 277 0.000000
169 266 0.000000
168 267 0.000000
167 268 0.000000
166 269 0.000000
166 268 0.000000
158 265 1.000000
121 243 0.000000
129 227 0.000000
129 226 0.000000
123 198 1.000000
126 186 1.000000
140 160 0.000000
140 161 0.000000
141 161 0.000000
142 161 0.000000
143 161 0.000000
143 162 0.000000
143 163 0.000000
143 164 0.000000
142 164 0.000000
142 163 0.000000
142 162 0.000000
141 162 0.000000
141 163 0.000000
141 164 0.000000
139 164 0.000000
140 164 0.000000
140 163 0.000000
139 163 0.000000
139 162 0.000000
140 162 0.000000
204 252 0.000000
204 250 0.000000
199 245 0.000000
200 245 0.000000
199 244 0.000000
199 246 0.000000
199 247 0.000000
198 247 0.000000
198 248 0.000000
198 249 0.000000
197 250 0.000000
197 251 0.000000
197 252 0.000000
196 252 0.000000
196 253 0.000000
196 254 0.000000
195 254 0.000000
195 255 0.000000
194 255 0.000000
194 256 0.000000
194 257 0.000000
193 257 0.000000
203 234 0.000000
218 214 0.000000
220 216 0.000000
220 215 0.000000
220 222 0.000000
221 230 0.000000
220 229 0.000000
219 229 0.000000
219 228 0.000000
282 257 0.000000
288 260 0.000000
298 266 0.000000
310 260 0.000000
310 262 0.000000
310 263 0.000000
314 231 1.000000
313 228 0.000000
313 227 0.000000
318 217 0.000000
318 216 0.000000
340 207 0.000000
341 206 0.000000
357 182 0.000000
355 186 1.000000
352 181 0.000000
353 181 0.000000
352 180 0.000000
353 180 0.000000
354 180 0.000000
353 179 0.000000
354 179 0.000000
355 179 0.000000
355 178 0.000000
354 178 0.000000
351 182 0.000000
352 182 0.000000
359 177 0.000000
359 176 0.000000
359 172 0.000000
359 171 0.000000
360 160 0.000000
360 159 0.000000
360 158 0.000000
360 157 0.000000
361 157 0.000000
362 157 0.000000
363 157 0.000000
366 160 1.000000
362 135 0.000000
359 129 0.000000
327 103 0.000000
334 100 0.000000
313 89 0.000000
304 81 0.000000
281 92 1.000000
279 88 0.000000
280 88 0.000000
280 93 1.000000
279 91 1.000000
274 94 1.000000
266 96 1.000000
264 96 1.000000
263 96 1.000000
267 99 0.000000
268 98 1.000000
269 98 1.000000
264 98 1.000000
265 98 1.000000
248 107 0.000000
248 106 0.000000
249 106 0.000000
250 106 0.000000
258 102 0.000000
225 65 0.000000
225 64 0.000000
225 63 0.000000
225 62 0.000000
226 63 0.000000
226 62 0.000000
226 61 0.000000
228 60 1.000000
229 63 0.000000
230 63 0.000000
236 66 1.000000
235 66 1.000000
256 68 0.000000
225 59 0.000000
225 58 0.000000
225 57 0.000000
226 60 0.000000
226 59 0.000000
226 58 0.000000
226 57 0.000000
227 60 0.000000
227 59 0.000000
227 58 0.000000
227 55 0.000000
227 56 0.000000
228 60 0.000000
228 59 0.000000
227 57 0.000000
228 59 1.000000
229 60 0.000000
228 59 0.000000
228 58 0.000000
228 57 0.000000
228 56 0.000000
229 59 0.000000
229 58 0.000000
229 57 0.000000
229 56 0.000000
230 59 0.000000
230 58 0.000000
230 57 0.000000
230 56 0.000000
231 58 0.000000
231 57 0.000000
231 56 0.000000
232 58 0.000000
232 57 0.000000
232 56 0.000000
233 58 0.000000
233 57 0.000000
234 58 0.000000
234 56 1.000000
235 58 0.000000
235 57 0.000000
234 57 0.000000
234 56 0.000000
260 34 0.000000
261 36 0.000000
261 35 0.000000
263 82 0.000000
262 83 0.000000
261 83 0.000000
260 84 0.000000
259 85 0.000000
259 86 0.000000
258 86 0.000000
254 83 0.000000
282 87 0.000000
280 90 1.000000
282 92 1.000000
281 93 1.000000
277 86 0.000000
277 85 0.000000
279 85 0.000000
278 85 0.000000
278 84 0.000000
282 83 0.000000
277 82 0.000000
278 83 0.000000
279 83 0.000000
278 82 0.000000
278 81 0.000000
271 81 0.000000
271 80 0.000000
271 79 0.000000
271 78 0.000000
284 68 1.000000
283 69 1.000000
282 70 1.000000
283 67 1.000000
282 67 1.000000
279 73 1.000000
278 74 1.000000
285 69 1.000000
285 70 1.000000
263 19 0.000000
272 19 0.000000
260 18 0.000000
260 17 0.000000
260 16 0.000000
261 18 0.000000
261 17 0.000000
261 16 0.000000
262 18 0.000000
262 17 0.000000
262 16 0.000000
263 18 0.000000
263 17 0.000000
263 16 0.000000
264 18 0.000000
264 17 0.000000
264 16 0.000000
265 16 0.000000
266 16 0.000000
266 17 0.000000
265 17 0.000000
265 18 0.000000
266 18 0.000000
266 19 0.000000
265 19 0.000000
266 20 0.000000
267 20 0.000000
268 20 0.000000
269 20 0.000000
269 21 0.000000
269 22 0.000000
270 20 0.000000
296 35 0.000000
292 36 1.000000
308 44 1.000000
322 68 1.000000
328 71 1.000000
332 74 0.000000
333 74 0.000000
341 76 0.000000
342 76 0.000000
332 99 1.000000
355 82 0.000000
354 82 0.000000
353 82 0.000000
357 85 0.000000
358 82 0.000000
358 81 0.000000
362 83 1.000000
365 81 0.000000
367 81 0.000000
368 82 0.000000
369 82 0.000000
370 82 0.000000
373 81 1.000000
373 83 0.000000
373 82 0.000000
373 81 0.000000
380 83 0.000000
379 83 0.000000
379 84 0.000000
380 84 0.000000
380 85 0.000000
379 85 0.000000
379 86 0.000000
378 86 0.000000
378 85 0.000000
377 85 0.000000
377 86 0.000000
376 86 0.000000
376 85 0.000000
376 87 0.000000
376 88 0.000000
376 89 0.000000
379 88 0.000000
379 89 0.000000
378 89 0.000000
378 90 0.000000
377 90 0.000000
377 91 0.000000
375 91 0.000000
376 91 0.000000
376 90 0.000000
376 92 0.000000
376 93 0.000000
375 92 0.000000
374 110 0.000000
375 113 1.000000
393 114 0.000000
396 115 1.000000
391 113 0.000000
385 111 0.000000
386 111 0.000000
387 111 0.000000
362 162 1.000000
366 160 0.000000
414 91 1.000000
413 85 0.000000
414 85 0.000000
414 75 0.000000
413 75 0.000000
411 76 0.000000
411 77 0.000000
423 61 0.000000
422 61 0.000000
420 61 0.000000
420 62 0.000000
418 66 0.000000
441 55 0.000000
468 40 0.000000
469 40 0.000000
466 24 0.000000
467 24 0.000000
467 23 0.000000
468 23 0.000000
468 24 0.000000
469 23 0.000000
470 24 0.000000
470 23 0.000000
470 22 0.000000
472 26 0.000000
472 25 0.000000
473 26 0.000000
473 25 0.000000
474 25 0.000000
474 24 0.000000
473 24 0.000000
473 16 1.000000
473 18 0.000000
473 17 0.000000
473 16 0.000000
475 18 0.000000
492 8 0.000000
483 24 0.000000
471 23 0.000000
471 22 0.000000
471 21 0.000000
501 1 0.000000
501 2 0.000000
500 2 0.000000
497 123 0.000000
498 122 0.000000
498 121 0.000000
498 120 0.000000
499 120 0.000000
499 119 0.000000
500 119 0.000000
497 118 1.000000
498 118 1.000000
468 150 0.000000
463 151 0.000000
451 204 0.000000
452 180 0.000000
451 251 0.000000
455 278 0.000000
458 305 1.000000
458 306 1.000000
450 308 0.000000
458 291 0.000000
458 290 0.000000
458 297 0.000000
458 296 0.000000
451 296 1.000000
451 295 1.000000
449 325 1.000000
452 358 0.000000
452 357 0.000000
452 356 0.000000
452 355 0.000000
452 354 0.000000
452 353 0.000000
452 352 0.000000
452 351 0.000000
453 351 0.000000
455 350 0.000000
457 344 0.000000
452 350 0.000000
453 350 0.000000
452 349 0.000000
453 349 0.000000
456 348 0.000000
460 375 0.000000
460 374 0.000000
459 373 0.000000
460 373 0.000000
461 373 0.000000
462 373 0.000000
463 373 0.000000
455 367 0.000000
465 365 0.000000
466 358 0.000000
466 357 0.000000
464 354 1.000000
464 353 1.000000
459 372 0.000000
460 372 0.000000
461 372 0.000000
462 372 0.000000
463 372 0.000000
464 372 0.000000
464 371 0.000000
463 371 0.000000
462 371 0.000000
461 371 0.000000
460 371 0.000000
459 371 0.000000
458 371 0.000000
464 370 0.000000
457 370 0.000000
458 370 0.000000
456 369 0.000000
456 368 0.000000
456 367 0.000000
460 341 0.000000
460 340 0.000000
427 284 1.000000
400 335 0.000000
399 334 1.000000
391 330 1.000000
389 331 0.000000
380 328 1.000000
376 331 0.000000
375 330 0.000000
376 330 0.000000
362 329 0.000000
361 329 0.000000
387 306 1.000000
386 306 1.000000
407 264 1.000000
396 257 0.000000
385 260 1.000000
368 269 0.000000
351 294 0.000000
359 328 1.000000
346 339 1.000000
319 342 0.000000
298 345 0.000000
321 407 0.000000
343 407 0.000000
343 406 0.000000
344 405 0.000000
344 404 0.000000
344 403 0.000000
343 402 0.000000
342 401 1.000000
339 400 0.000000
340 400 0.000000
340 401 0.000000
341 401 0.000000
342 401 0.000000
340 402 0.000000
339 402 0.000000
339 403 0.000000
338 404 0.000000
332 397 0.000000
333 399 0.000000
333 398 0.000000
334 398 0.000000
335 398 0.000000
335 399 0.000000
334 399 0.000000
334 400 0.000000
335 400 0.000000
336 400 0.000000
334 401 0.000000
335 401 0.000000
337 404 0.000000
337 403 0.000000
336 402 0.000000
335 402 0.000000
334 402 0.000000
333 402 0.000000
336 404 0.000000
336 403 0.000000
335 403 0.000000
331 396 0.000000
330 396 0.000000
330 394 0.000000
330 393 0.000000
331 393 0.000000
331 394 0.000000
332 393 0.000000
326 392 0.000000
327 392 0.000000
328 392 0.000000
329 393 0.000000
329 394 0.000000
329 395 0.000000
329 396 0.000000
325 393 0.000000
326 393 0.000000
327 393 0.000000
328 393 0.000000
328 394 0.000000
317 403 0.000000
318 403 0.000000
320 408 0.000000
321 408 0.000000
321 409 0.000000
320 409 0.000000
325 415 0.000000
325 413 1.000000
326 415 0.000000
325 414 0.000000
325 413 0.000000
326 416 0.000000
326 417 0.000000
327 416 0.000000
324 415 0.000000
320 415 1.000000
320 410 0.000000
321 410 0.000000
312 409 0.000000
311 408 0.000000
316 425 0.000000
315 424 0.000000
316 424 0.000000
310 424 1.000000
306 423 1.000000
302 424 0.000000
302 425 0.000000
302 426 0.000000
301 427 0.000000
302 427 0.000000
312 430 0.000000
314 430 0.000000
303 429 0.000000
296 431 1.000000
337 435 0.000000
346 425 0.000000
347 425 0.000000
347 426 0.000000
348 426 0.000000
348 427 0.000000
347 427 0.000000
347 428 0.000000
348 428 0.000000
349 428 0.000000
350 428 0.000000
351 428 0.000000
347 424 0.000000
346 423 0.000000
345 423 0.000000
346 422 0.000000
346 421 0.000000
346 419 0.000000
346 420 0.000000
346 418 0.000000
345 420 0.000000
345 419 0.000000
345 418 0.000000
344 419 0.000000
344 418 0.000000
344 417 0.000000
344 416 0.000000
343 415 0.000000
343 414 0.000000
342 413 0.000000
341 413 0.000000
340 413 0.000000
338 411 0.000000
336 410 0.000000
335 410 0.000000
330 405 0.000000
330 404 0.000000
331 403 0.000000
320 425 0.000000
321 424 0.000000
302 412 0.000000
301 411 0.000000
300 411 0.000000
300 410 0.000000
299 410 0.000000
298 410 0.000000
297 411 0.000000
297 410 0.000000
297 409 0.000000
296 408 1.000000
303 413 0.000000
303 412 0.000000
303 411 0.000000
313 418 0.000000
352 437 1.000000
354 442 1.000000
356 445 0.000000
360 447 0.000000
359 448 0.000000
359 447 0.000000
343 455 1.000000
345 453 1.000000
339 441 1.000000
340 448 0.000000
296 447 1.000000
362 466 0.000000
362 465 0.000000
361 463 0.000000
361 462 0.000000
360 462 0.000000
360 461 0.000000
360 460 0.000000
359 460 0.000000
359 459 0.000000
359 458 0.000000
358 458 0.000000
357 457 0.000000
358 457 0.000000
358 456 0.000000
358 455 0.000000
357 456 0.000000
356 456 0.000000
357 455 0.000000
357 453 0.000000
357 454 0.000000
356 455 0.000000
356 469 0.000000
356 468 0.000000
355 468 0.000000
353 475 0.000000
353 474 0.000000
352 474 0.000000
352 470 0.000000
352 471 0.000000
352 472 0.000000
352 473 0.000000
354 467 0.000000
354 466 0.000000
354 465 0.000000
348 468 0.000000
345 466 0.000000
347 470 1.000000
338 456 1.000000
337 456 1.000000
346 474 0.000000
345 476 0.000000
346 476 0.000000
347 476 0.000000
346 477 0.000000
347 477 0.000000
348 477 0.000000
349 478 0.000000
350 478 0.000000
369 482 0.000000
369 489 0.000000
368 491 0.000000
368 490 0.000000
346 493 0.000000
342 490 0.000000
345 484 0.000000
345 485 0.000000
345 486 0.000000
340 480 0.000000
341 480 0.000000
327 476 0.000000
328 475 0.000000
326 473 0.000000
326 472 0.000000
327 473 0.000000
327 472 0.000000
328 474 1.000000
325 469 0.000000
293 457 0.000000
339 472 1.000000
359 540 1.000000
359 535 1.000000
362 526 0.000000
362 525 0.000000
361 555 0.000000
277 539 1.000000
288 515 0.000000
288 516 0.000000
288 517 0.000000
288 515 1.000000
288 516 1.000000
288 517 1.000000
266 600 1.000000
257 580 1.000000
257 576 1.000000
266 580 0.000000
266 579 0.000000
265 569 1.000000
364 588 0.000000
364 589 0.000000
363 589 0.000000
363 588 0.000000
363 587 0.000000
363 586 0.000000
363 585 0.000000
364 584 0.000000
363 584 0.000000
362 585 0.000000
364 580 0.000000
366 576 0.000000
368 576 0.000000
368 575 0.000000
368 574 0.000000
368 573 0.000000
368 572 0.000000
366 575 0.000000
367 575 0.000000
367 574 0.000000
366 574 0.000000
366 573 0.000000
367 573 0.000000
367 572 0.000000
366 572 0.000000
366 571 0.000000
365 571 0.000000
365 572 0.000000
364 571 0.000000
364 570 0.000000
364 569 0.000000
363 581 0.000000
362 581 0.000000
362 582 0.000000
361 581 0.000000
361 586 0.000000
361 585 0.000000
361 584 0.000000
361 583 0.000000
361 583 1.000000
362 582 1.000000
361 583 0.000000
361 582 0.000000
362 582 0.000000
361 585 1.000000
361 584 1.000000
361 583 1.000000
361 582 1.000000
365 592 0.000000
358 650 0.000000
320 661 1.000000
312 654 1.000000
313 649 1.000000
313 638 1.000000
317 645 0.000000
317 644 0.000000
307 645 1.000000
311 652 1.000000
421 725 0.000000
380 711 0.000000
380 710 0.000000
382 694 0.000000
383 694 0.000000
388 683 0.000000
391 691 1.000000
392 691 1.000000
387 692 1.000000
381 707 0.000000
381 706 0.000000
382 720 0.000000
423 690 0.000000
414 685 0.000000
415 682 0.000000
424 681 0.000000
423 681 0.000000
422 681 0.000000
415 684 0.000000
415 685 0.000000
415 686 0.000000
416 682 0.000000
427 686 0.000000
401 695 0.000000
400 694 1.000000
428 717 0.000000
429 717 0.000000
430 717 0.000000
427 716 0.000000
427 715 0.000000
427 713 1.000000
427 714 0.000000
427 713 0.000000
428 716 0.000000
428 715 0.000000
429 716 0.000000
430 716 0.000000
431 716 0.000000
432 716 0.000000
428 714 0.000000
429 715 0.000000
433 715 0.000000
432 715 0.000000
431 715 0.000000
430 715 0.000000
429 714 0.000000
428 713 0.000000
428 712 0.000000
429 713 0.000000
430 714 0.000000
429 712 0.000000
430 713 0.000000
431 714 0.000000
432 714 0.000000
433 714 0.000000
434 714 0.000000
456 703 1.000000
455 703 1.000000
454 703 1.000000
453 703 1.000000
446 704 1.000000
448 703 1.000000
447 706 1.000000
434 705 1.000000
444 704 1.000000
442 705 1.000000
447 703 1.000000
461 697 1.000000
460 699 1.000000
478 693 0.000000
479 692 0.000000
479 691 0.000000
478 692 0.000000
477 692 0.000000
478 691 0.000000
476 692 0.000000
477 691 0.000000
478 690 0.000000
475 693 0.000000
474 694 0.000000
473 694 0.000000
472 696 0.000000
471 698 0.000000
470 699 0.000000
478 689 0.000000
478 688 0.000000
478 686 0.000000
478 685 0.000000
478 687 0.000000
478 684 0.000000
478 683 0.000000
478 682 0.000000
478 681 0.000000
458 682 1.000000
468 679 1.000000
446 680 0.000000
433 689 1.000000
434 693 1.000000
433 694 1.000000
431 697 1.000000
429 694 1.000000
432 690 1.000000
479 675 0.000000
479 676 0.000000
479 677 0.000000
479 678 0.000000
479 679 0.000000
479 680 0.000000
479 681 0.000000
479 682 0.000000
479 683 0.000000
478 677 0.000000
477 677 0.000000
478 678 0.000000
478 679 0.000000
478 680 0.000000
474 678 0.000000
475 678 0.000000
476 678 0.000000
477 678 0.000000
465 679 0.000000
466 679 0.000000
467 679 0.000000
468 679 0.000000
469 679 0.000000
477 679 0.000000
477 680 0.000000
475 679 0.000000
476 680 0.000000
477 681 0.000000
476 679 0.000000
470 679 0.000000
471 679 0.000000
472 679 0.000000
473 679 0.000000
474 679 0.000000
439 705 1.000000
363 743 0.000000
363 742 0.000000
396 747 1.000000
397 750 0.000000
397 751 0.000000
375 760 0.000000
390 780 0.000000
365 768 0.000000
357 771 0.000000
352 771 0.000000
352 777 0.000000
358 776 0.000000
359 776 0.000000
343 781 0.000000
343 780 0.000000
335 780 0.000000
336 780 0.000000
337 780 0.000000
333 779 0.000000
332 778 0.000000
332 772 0.000000
333 771 0.000000
332 773 0.000000
332 774 0.000000
332 775 0.000000
332 776 0.000000
332 777 0.000000
338 779 0.000000
341 770 0.000000
339 770 0.000000
338 770 0.000000
337 770 0.000000
372 792 1.000000
396 792 0.000000
396 791 0.000000
395 791 0.000000
395 792 0.000000
394 792 0.000000
394 791 0.000000
393 792 0.000000
392 793 0.000000
392 792 0.000000
380 799 1.000000
381 811 0.000000
401 812 0.000000
383 801 1.000000
385 833 0.000000
385 843 1.000000
397 841 0.000000
396 832 0.000000
399 828 0.000000
392 872 0.000000
392 871 0.000000
392 870 0.000000
392 868 0.000000
392 867 0.000000
392 866 0.000000
382 876 0.000000
383 876 0.000000
382 875 0.000000
383 875 0.000000
384 875 0.000000
385 875 0.000000
386 875 0.000000
387 875 0.000000
388 875 0.000000
382 874 0.000000
381 873 0.000000
380 870 0.000000
380 869 0.000000
380 868 0.000000
390 874 0.000000
391 873 0.000000
389 874 0.000000
390 873 0.000000
391 872 0.000000
383 874 0.000000
382 873 0.000000
381 872 0.000000
381 867 0.000000
381 871 0.000000
385 874 0.000000
386 874 0.000000
387 874 0.000000
388 874 0.000000
384 874 0.000000
290 710 0.000000
291 711 0.000000
282 713 1.000000
282 718 1.000000
279 714 1.000000
278 714 1.000000
278 719 1.000000
276 720 1.000000
272 721 1.000000
270 722 1.000000
269 723 1.000000
264 724 1.000000
263 725 1.000000
260 727 1.000000
260 722 1.000000
256 728 1.000000
255 734 0.000000
256 734 0.000000
290 712 0.000000
290 711 0.000000
289 711 0.000000
289 712 0.000000
289 713 0.000000
288 711 0.000000
287 711 0.000000
286 711 0.000000
256 733 0.000000
256 732 0.000000
254 733 0.000000
255 733 0.000000
249 731 1.000000
250 731 1.000000
238 731 1.000000
232 739 0.000000
232 738 0.000000
223 755 0.000000
225 760 0.000000
228 786 0.000000
228 784 0.000000
230 811 0.000000
243 851 0.000000
244 851 0.000000
244 850 0.000000
244 849 0.000000
244 848 0.000000
245 849 0.000000
245 847 0.000000
245 846 0.000000
245 845 0.000000
244 847 0.000000
244 846 0.000000
244 845 0.000000
243 850 0.000000
242 850 0.000000
243 849 0.000000
244 839 0.000000
245 839 0.000000
249 840 0.000000
249 842 0.000000
249 843 0.000000
249 844 0.000000
248 844 0.000000
247 844 0.000000
248 840 0.000000
247 840 0.000000
220 831 0.000000
195 820 0.000000
195 818 0.000000
196 826 0.000000
180 816 0.000000
193 904 0.000000
194 904 0.000000
194 903 0.000000
193 903 0.000000
192 903 0.000000
194 902 0.000000
193 902 0.000000
192 902 0.000000
191 902 0.000000
194 895 1.000000
194 901 0.000000
190 901 0.000000
191 901 0.000000
192 901 0.000000
193 901 0.000000
194 900 0.000000
189 891 1.000000
189 890 1.000000
147 863 0.000000
147 865 0.000000
148 867 0.000000
140 850 0.000000
141 844 0.000000
122 903 0.000000
94 933 1.000000
92 981 0.000000
93 981 0.000000
94 980 0.000000
93 980 0.000000
92 980 0.000000
90 980 0.000000
91 980 0.000000
89 980 0.000000
88 980 0.000000
84 979 0.000000
85 979 0.000000
86 979 0.000000
87 979 0.000000
88 979 0.000000
89 979 0.000000
90 979 0.000000
91 979 0.000000
92 979 0.000000
93 979 0.000000
94 979 0.000000
84 978 0.000000
83 977 0.000000
94 978 0.000000
95 977 0.000000
82 971 1.000000
85 978 0.000000
86 978 0.000000
104 952 0.000000
86 947 1.000000
87 945 0.000000
88 945 0.000000
89 945 0.000000
93 930 1.000000
77 881 0.000000
65 883 1.000000
22 854 0.000000
21 854 0.000000
5 841 0.000000
6 840 0.000000
7 839 0.000000
8 838 0.000000
9 837 0.000000
9 836 0.000000
9 835 0.000000
9 834 0.000000
10 834 0.000000
10 835 0.000000
11 835 0.000000
12 836 0.000000
10 836 0.000000
11 836 0.000000
6 841 0.000000
7 840 0.000000
8 839 0.000000
7 841 0.000000
8 842 0.000000
8 841 0.000000
8 839 1.000000
8 840 0.000000
8 839 0.000000
9 839 0.000000
9 838 0.000000
10 838 0.000000
10 837 0.000000
11 837 0.000000
18 837 0.000000
119 821 1.000000
125 818 1.000000
115 803 0.000000
116 803 0.000000
117 803 0.000000
115 807 0.000000
115 806 0.000000
115 805 0.000000
115 804 0.000000
116 804 0.000000
117 804 0.000000
118 804 0.000000
116 805 0.000000
137 815 0.000000
137 814 0.000000
138 814 0.000000
145 816 1.000000
167 788 1.000000
170 772 0.000000
170 773 0.000000
170 774 0.000000
170 775 0.000000
168 771 0.000000
169 771 0.000000
170 771 0.000000
166 780 0.000000
166 779 0.000000
163 766 0.000000
207 721 0.000000
207 720 0.000000
208 720 0.000000
202 717 0.000000
202 714 1.000000
188 728 0.000000
187 725 1.000000
187 723 1.000000
188 727 0.000000
189 727 0.000000
177 725 1.000000
177 751 1.000000
177 749 1.000000
162 754 1.000000
161 745 0.000000
157 726 0.000000
158 725 0.000000
158 724 0.000000
159 724 0.000000
153 722 0.000000
154 722 0.000000
154 721 0.000000
155 721 0.000000
155 720 0.000000
156 721 0.000000
156 720 0.000000
158 723 0.000000
159 723 0.000000
160 723 0.000000
157 722 0.000000
165 716 1.000000
165 722 0.000000
166 722 0.000000
175 718 1.000000
179 718 1.000000
185 722 1.000000
171 717 1.000000
208 704 1.000000
208 705 1.000000
206 704 1.000000
207 701 1.000000
209 702 1.000000
212 695 1.000000
219 695 0.000000
219 694 0.000000
216 694 0.000000
207 693 1.000000
171 717 0.000000
207 700 1.000000
191 682 0.000000
192 681 0.000000
194 681 0.000000
193 682 0.000000
193 683 0.000000
194 686 0.000000
199 679 0.000000
182 693 1.000000
182 688 1.000000
185 690 0.000000
185 690 1.000000
187 685 0.000000
187 684 0.000000
168 664 0.000000
168 663 0.000000
177 658 1.000000
180 654 1.000000
179 655 1.000000
178 656 1.000000
176 659 1.000000
180 658 1.000000
181 656 1.000000
182 654 1.000000
183 652 1.000000
181 651 1.000000
183 653 1.000000
182 649 1.000000
184 649 1.000000
182 648 1.000000
183 644 1.000000
185 644 1.000000
183 643 1.000000
185 637 1.000000
186 640 1.000000
187 638 1.000000
188 636 1.000000
187 633 1.000000
189 634 1.000000
190 631 1.000000
188 631 1.000000
190 632 1.000000
189 627 1.000000
189 626 1.000000
191 627 1.000000
189 624 1.000000
190 623 0.000000
191 629 1.000000
186 641 1.000000
184 639 1.000000
186 634 1.000000
188 630 1.000000
188 629 1.000000
191 628 0.000000
191 629 0.000000
191 628 1.000000
184 650 1.000000
185 645 1.000000
185 646 1.000000
185 647 1.000000
182 647 1.000000
182 646 1.000000
183 643 0.000000
185 647 0.000000
187 639 1.000000
228 631 0.000000
226 623 0.000000
225 623 0.000000
193 608 0.000000
192 608 0.000000
182 605 1.000000
139 605 0.000000
140 605 0.000000
141 605 0.000000
140 604 0.000000
141 604 0.000000
142 604 0.000000
140 603 0.000000
141 603 0.000000
142 603 0.000000
140 602 0.000000
140 601 0.000000
140 600 0.000000
141 602 0.000000
142 602 0.000000
143 602 0.000000
141 601 0.000000
141 600 0.000000
141 599 0.000000
142 601 0.000000
142 600 0.000000
142 599 0.000000
142 598 0.000000
143 601 0.000000
143 600 0.000000
143 599 0.000000
143 598 0.000000
144 598 0.000000
144 597 0.000000
145 597 0.000000
146 597 0.000000
144 596 0.000000
144 595 0.000000
144 594 0.000000
144 593 0.000000
144 592 0.000000
145 596 0.000000
145 587 0.000000
155 579 0.000000
159 575 0.000000
160 575 0.000000
189 624 0.000000
190 624 0.000000
191 624 0.000000
183 591 0.000000
199 583 1.000000
200 559 0.000000
200 560 0.000000
200 561 0.000000
200 562 0.000000
200 563 0.000000
201 563 0.000000
201 564 0.000000
200 564 0.000000
200 565 0.000000
201 565 0.000000
202 566 1.000000
202 573 1.000000
199 573 1.000000
198 576 1.000000
201 576 1.000000
201 577 1.000000
196 581 1.000000
224 575 0.000000
224 576 0.000000
225 576 0.000000
224 577 0.000000
224 578 0.000000
225 578 0.000000
225 579 0.000000
224 579 0.000000
220 590 1.000000
249 547 0.000000
249 546 0.000000
248 546 0.000000
248 545 0.000000
249 545 0.000000
250 545 0.000000
245 532 0.000000
245 531 0.000000
246 531 0.000000
246 532 0.000000
246 533 0.000000
247 533 0.000000
247 532 0.000000
248 534 0.000000
248 533 0.000000
248 532 0.000000
249 532 0.000000
250 532 0.000000
249 528 0.000000
248 526 0.000000
247 522 0.000000
248 522 0.000000
248 523 0.000000
251 512 0.000000
252 512 0.000000
252 513 0.000000
252 514 0.000000
251 514 0.000000
260 511 0.000000
253 502 0.000000
253 501 0.000000
254 501 0.000000
258 495 0.000000
257 496 0.000000
257 497 0.000000
259 495 0.000000
259 494 0.000000
260 495 0.000000
260 494 0.000000
244 496 0.000000
244 495 0.000000
244 494 0.000000
245 495 0.000000
245 494 0.000000
255 485 0.000000
236 487 0.000000
237 487 0.000000
237 486 0.000000
238 487 0.000000
238 486 0.000000
239 487 0.000000
239 486 0.000000
239 485 0.000000
219 484 0.000000
221 484 0.000000
220 485 0.000000
220 484 0.000000
222 484 0.000000
221 485 0.000000
221 486 0.000000
222 488 0.000000
223 491 0.000000
224 491 0.000000
225 491 0.000000
226 490 0.000000
225 490 0.000000
224 490 0.000000
223 490 0.000000
223 489 0.000000
222 487 0.000000
222 486 0.000000
222 485 0.000000
224 489 0.000000
225 489 0.000000
226 489 0.000000
223 488 0.000000
237 483 1.000000
245 488 1.000000
249 470 0.000000
249 468 1.000000
250 467 0.000000
249 468 0.000000
249 469 0.000000
250 469 0.000000
250 468 0.000000
251 470 0.000000
251 469 0.000000
251 468 0.000000
253 468 0.000000
254 468 0.000000
255 475 1.000000
252 471 0.000000
253 471 0.000000
254 471 0.000000
255 471 0.000000
255 470 0.000000
255 469 0.000000
254 469 0.000000
253 469 0.000000
252 469 0.000000
252 470 0.000000
253 470 0.000000
254 470 0.000000
254 472 0.000000
255 472 0.000000
256 472 0.000000
221 467 1.000000
221 467 0.000000
266 464 1.000000
259 456 0.000000
257 445 1.000000
254 436 0.000000
255 436 0.000000
256 436 0.000000
256 435 0.000000
256 434 0.000000
255 434 0.000000
255 435 0.000000
255 409 1.000000
255 408 1.000000
246 366 0.000000
245 366 0.000000
235 370 0.000000
235 369 0.000000
235 368 0.000000
235 367 0.000000
235 366 0.000000
235 365 0.000000
235 364 0.000000
236 365 0.000000
236 364 0.000000
237 364 0.000000
236 363 0.000000
237 363 0.000000
238 363 0.000000
193 359 0.000000
198 359 0.000000
199 359 0.000000
183 368 0.000000
182 368 0.000000
182 367 0.000000
183 367 0.000000
182 366 0.000000
182 365 0.000000
183 365 0.000000
186 362 0.000000
183 364 0.000000
182 364 0.000000
182 363 0.000000
183 363 0.000000
184 363 0.000000
169 356 1.000000
166 357 0.000000
144 368 1.000000
156 419 0.000000
157 419 0.000000
156 418 0.000000
157 418 0.000000
157 409 1.000000
152 404 1.000000
149 404 0.000000
149 403 0.000000
141 413 0.000000
141 412 0.000000
141 411 0.000000
140 411 0.000000
140 410 0.000000
135 422 0.000000
134 421 0.000000
134 416 1.000000
134 415 1.000000
112 416 0.000000
126 385 0.000000
126 384 0.000000
113 416 0.000000
113 415 0.000000
114 416 0.000000
114 415 0.000000
114 414 0.000000
115 415 0.000000
115 414 0.000000
115 413 0.000000
116 414 0.000000
116 413 0.000000
116 412 0.000000
117 413 0.000000
117 412 0.000000
117 411 0.000000
120 409 1.000000
119 449 0.000000
119 448 0.000000
120 447 0.000000
120 446 0.000000
119 447 0.000000
119 446 0.000000
105 446 1.000000
96 440 1.000000
96 441 1.000000
85 401 0.000000
80 400 0.000000
81 400 0.000000
79 402 0.000000
88 416 0.000000
80 401 0.000000
81 401 0.000000
82 401 0.000000
72 446 1.000000
73 449 1.000000
71 448 1.000000
70 449 1.000000
72 451 1.000000
70 455 1.000000
67 455 1.000000
67 459 0.000000
66 458 0.000000
68 459 0.000000
67 458 0.000000
68 458 0.000000
69 458 0.000000
69 457 0.000000
68 457 0.000000
67 457 0.000000
67 456 0.000000
67 455 0.000000
68 456 0.000000
69 456 0.000000
71 447 1.000000
75 440 1.000000
75 437 1.000000
103 445 1.000000
106 463 1.000000
106 461 1.000000
103 490 0.000000
104 490 0.000000
105 490 0.000000
103 489 0.000000
104 489 0.000000
105 489 0.000000
106 489 0.000000
103 488 0.000000
104 488 0.000000
105 488 0.000000
106 488 0.000000
108 478 0.000000
103 484 1.000000
103 479 1.000000
103 487 0.000000
117 370 0.000000
118 370 0.000000
111 362 0.000000
90 380 1.000000
73 395 0.000000
73 394 0.000000
73 393 0.000000
73 391 0.000000
80 383 0.000000
73 385 1.000000
72 388 1.000000
69 389 1.000000
70 386 1.000000
70 409 0.000000
70 408 0.000000
53 445 0.000000
53 444 0.000000
53 443 0.000000
53 442 0.000000
54 442 0.000000
30 434 0.000000
29 432 0.000000
36 432 1.000000
30 430 1.000000
55 434 0.000000
55 432 0.000000
55 431 0.000000
56 424 1.000000
36 400 0.000000
36 399 0.000000
36 398 0.000000
39 374 0.000000
39 373 0.000000
39 370 0.000000
39 368 0.000000
24 352 0.000000
23 352 0.000000
22 348 0.000000
0 346 0.000000
0 344 0.000000
1 344 0.000000
1 343 0.000000
0 343 0.000000
0 342 0.000000
1 342 0.000000
2 342 0.000000
0 349 0.000000
0 350 0.000000
1 350 0.000000
1 351 0.000000
2 351 0.000000
3 352 0.000000
4 352 0.000000
4 353 0.000000
5 353 0.000000
5 354 0.000000
6 354 0.000000
6 355 0.000000
7 355 0.000000
8 355 0.000000
9 355 0.000000
8 356 0.000000
9 356 0.000000
10 356 0.000000
10 357 0.000000
11 357 0.000000
12 357 0.000000
10 358 0.000000
11 358 0.000000
12 358 0.000000
13 358 0.000000
14 359 0.000000
14 360 0.000000
13 360 0.000000
13 359 0.000000
12 359 0.000000
11 359 0.000000
230 813 0.000000
238 844 0.000000
238 843 0.000000
237 844 0.000000
226 844 0.000000
339 605 0.000000
338 605 0.000000
339 604 0.000000
339 603 0.000000
340 603 0.000000
340 604 0.000000
341 601 0.000000
342 599 0.000000
343 599 0.000000
340 605 0.000000
338 606 0.000000
338 603 0.000000
341 599 0.000000
340 553 1.000000
343 547 0.000000
342 546 0.000000
342 546 1.000000
341 541 0.000000
342 546 0.000000
342 552 0.000000
342 542 0.000000
343 542 0.000000
343 538 0.000000
343 539 0.000000
343 540 0.000000
343 541 0.000000
341 540 0.000000
341 539 0.000000
342 539 0.000000
342 540 0.000000
344 539 1.000000
337 469 1.000000
336 469 1.000000
336 468 1.000000
335 469 1.000000
344 469 1.000000
343 468 1.000000
342 467 1.000000
341 466 1.000000
340 465 1.000000
339 465 1.000000
338 465 1.000000
337 465 1.000000
336 465 1.000000
336 466 1.000000
345 467 1.000000
344 470 1.000000
345 473 0.000000
351 473 0.000000
345 466 1.000000
342 541 0.000000
342 543 0.000000
343 543 0.000000
342 538 0.000000
342 544 0.000000
342 545 0.000000
343 546 0.000000
342 547 0.000000
342 548 0.000000
343 548 0.000000
343 549 0.000000
342 549 0.000000
342 550 0.000000
342 551 0.000000
343 551 0.000000
344 546 0.000000
343 545 0.000000
343 544 0.000000
344 539 0.000000
344 540 0.000000
341 546 0.000000
341 547 0.000000
344 547 0.000000
344 545 0.000000
343 550 0.000000
343 552 0.000000
344 551 0.000000
344 552 0.000000
344 553 0.000000
343 553 0.000000
341 600 0.000000
342 600 0.000000
342 601 0.000000
341 602 0.000000
340 602 0.000000
341 603 0.000000
343 600 0.000000
338 604 0.000000
339 606 0.000000
340 601 0.000000
339 602 0.000000
341 543 0.000000
341 542 0.000000
340 542 0.000000
340 541 0.000000
340 540 0.000000
345 546 0.000000
345 472 0.000000
344 472 0.000000
343 472 0.000000
342 471 0.000000
339 471 0.000000
339 472 0.000000
338 472 0.000000
338 471 0.000000
338 470 0.000000
338 472 1.000000
338 471 1.000000
339 470 0.000000
340 470 0.000000
341 470 0.000000
342 470 0.000000
343 471 0.000000
344 471 0.000000
346 473 0.000000
343 470 0.000000
343 469 0.000000
342 469 0.000000
341 469 0.000000
340 469 0.000000
339 469 0.000000
338 470 1.000000
342 468 0.000000
341 468 0.000000
340 468 0.000000
339 468 0.000000
338 467 0.000000
339 467 0.000000
340 467 0.000000
341 467 0.000000
342 467 0.000000
341 466 0.000000
340 466 0.000000
339 466 0.000000
338 466 0.000000
337 466 0.000000
336 465 0.000000
337 465 0.000000
338 465 0.000000
339 465 0.000000
340 465 0.000000
336 464 0.000000
337 464 0.000000
338 464 0.000000
339 464 0.000000
