179 422 1.000000
181 432 1.000000
186 411 0.000000
168 387 1.000000
170 389 1.000000
172 389 1.000000
184 398 0.000000
183 398 0.000000
183 398 1.000000
183 398 0.000000
196 367 0.000000
198 366 0.000000
199 364 0.000000
201 358 1.000000
204 358 1.000000
205 358 1.000000
206 358 1.000000
207 358 1.000000
209 358 1.000000
207 347 0.000000
187 346 0.000000
193 349 1.000000
195 348 0.000000
195 347 0.000000
195 346 0.000000
197 350 0.000000
197 346 1.000000
201 353 1.000000
200 352 1.000000
202 352 1.000000
201 351 1.000000
222 345 0.000000
220 345 1.000000
220 348 1.000000
209 351 1.000000
205 351 1.000000
204 351 1.000000
203 358 1.000000
202 358 1.000000
211 357 1.000000
199 360 1.000000
199 359 1.000000
199 358 1.000000
196 349 0.000000
174 359 1.000000
174 358 1.000000
199 346 1.000000
200 346 1.000000
155 323 1.000000
156 326 1.000000
156 327 1.000000
156 328 1.000000
158 327 1.000000
156 328 0.000000
178 295 1.000000
181 291 1.000000
175 289 0.000000
179 290 1.000000
179 301 1.000000
179 300 1.000000
179 299 1.000000
179 298 1.000000
179 301 0.000000
179 300 0.000000
179 299 0.000000
179 298 0.000000
180 267 1.000000
180 265 1.000000
179 263 1.000000
182 244 1.000000
175 246 0.000000
180 238 0.000000
182 234 0.000000
181 229 1.000000
182 228 1.000000
176 229 1.000000
177 228 0.000000
174 226 0.000000
178 240 0.000000
176 241 0.000000
176 240 0.000000
177 242 0.000000
181 232 0.000000
180 220 1.000000
180 221 1.000000
180 222 1.000000
178 217 1.000000
178 217 0.000000
178 216 0.000000
178 214 0.000000
178 213 0.000000
178 212 0.000000
177 211 0.000000
177 210 0.000000
176 209 0.000000
173 209 1.000000
173 210 1.000000
176 203 0.000000
177 203 0.000000
175 203 1.000000
174 202 0.000000
174 201 0.000000
173 200 0.000000
170 210 1.000000
171 209 1.000000
168 209 1.000000
167 209 1.000000
166 210 0.000000
166 214 0.000000
166 213 0.000000
163 213 0.000000
168 207 1.000000
168 206 0.000000
164 205 1.000000
165 207 1.000000
165 216 0.000000
162 216 1.000000
163 215 1.000000
162 215 1.000000
162 214 1.000000
163 214 1.000000
162 213 1.000000
163 213 1.000000
162 212 1.000000
162 206 1.000000
161 207 1.000000
160 206 1.000000
159 206 1.000000
159 204 1.000000
161 205 1.000000
170 208 1.000000
179 172 0.000000
181 172 0.000000
193 169 0.000000
198 170 0.000000
188 159 0.000000
200 134 0.000000
222 188 0.000000
222 186 0.000000
222 185 0.000000
222 184 0.000000
223 183 1.000000
224 182 1.000000
222 181 1.000000
222 180 1.000000
222 178 1.000000
222 177 1.000000
223 163 1.000000
228 175 1.000000
227 185 1.000000
225 196 1.000000
225 185 1.000000
250 68 0.000000
254 69 1.000000
256 70 1.000000
246 10 1.000000
243 13 1.000000
241 12 1.000000
244 14 1.000000
229 29 0.000000
219 35 1.000000
217 39 0.000000
216 39 0.000000
216 40 0.000000
216 44 0.000000
202 43 0.000000
201 43 0.000000
201 44 0.000000
201 44 1.000000
201 46 0.000000
201 45 0.000000
201 44 0.000000
200 41 0.000000
199 41 1.000000
192 40 0.000000
187 37 0.000000
184 36 0.000000
161 9 1.000000
161 8 1.000000
161 11 1.000000
158 4 1.000000
158 7 1.000000
159 5 1.000000
163 19 0.000000
153 30 0.000000
145 24 1.000000
145 25 1.000000
144 25 1.000000
143 27 0.000000
140 27 0.000000
141 27 0.000000
141 28 0.000000
146 24 1.000000
130 37 0.000000
130 36 0.000000
130 35 0.000000
131 36 0.000000
131 35 0.000000
131 34 0.000000
132 35 0.000000
132 34 0.000000
132 33 0.000000
132 32 0.000000
133 33 0.000000
133 32 0.000000
133 31 0.000000
133 30 0.000000
133 29 0.000000
134 32 0.000000
134 31 0.000000
134 30 0.000000
134 29 0.000000
134 28 0.000000
135 30 0.000000
135 28 0.000000
135 28 1.000000
135 27 0.000000
136 28 0.000000
136 27 0.000000
136 26 0.000000
136 25 0.000000
136 24 0.000000
135 29 0.000000
135 28 0.000000
137 24 0.000000
137 23 0.000000
137 22 0.000000
137 21 0.000000
138 22 0.000000
138 21 0.000000
138 20 0.000000
138 19 0.000000
138 18 0.000000
139 21 0.000000
139 20 0.000000
139 19 0.000000
139 18 0.000000
139 17 0.000000
139 16 0.000000
139 15 0.000000
139 14 0.000000
139 12 0.000000
139 12 1.000000
139 11 0.000000
139 10 0.000000
139 9 0.000000
139 13 0.000000
139 12 0.000000
138 14 0.000000
138 13 0.000000
138 12 0.000000
138 11 0.000000
138 10 0.000000
137 12 0.000000
137 11 0.000000
137 10 0.000000
136 11 0.000000
136 10 0.000000
135 10 0.000000
135 9 0.000000
140 17 0.000000
140 15 0.000000
140 15 1.000000
140 14 0.000000
140 12 0.000000
140 12 1.000000
140 11 0.000000
140 10 0.000000
140 9 0.000000
140 7 0.000000
140 7 1.000000
140 6 0.000000
140 4 0.000000
140 4 1.000000
140 16 0.000000
140 15 0.000000
140 13 0.000000
140 12 0.000000
141 14 0.000000
141 13 0.000000
141 12 0.000000
141 11 0.000000
141 10 0.000000
141 9 0.000000
141 8 0.000000
141 7 0.000000
140 8 0.000000
140 7 0.000000
141 6 0.000000
141 5 0.000000
141 4 0.000000
140 5 0.000000
140 4 0.000000
142 13 0.000000
142 12 0.000000
142 11 0.000000
142 9 0.000000
142 9 1.000000
142 10 0.000000
142 9 0.000000
142 8 0.000000
142 7 0.000000
142 6 0.000000
143 11 0.000000
143 10 0.000000
143 9 0.000000
143 8 0.000000
143 7 0.000000
143 6 0.000000
143 3 1.000000
144 3 0.000000
143 2 0.000000
143 3 0.000000
144 10 0.000000
144 9 0.000000
144 8 0.000000
144 7 0.000000
144 6 0.000000
145 9 0.000000
145 8 0.000000
145 7 0.000000
145 5 0.000000
145 6 0.000000
145 4 0.000000
145 3 0.000000
145 1 1.000000
146 9 0.000000
153 0 0.000000
152 0 0.000000
151 0 0.000000
150 0 0.000000
149 0 0.000000
148 0 0.000000
147 0 0.000000
146 0 0.000000
145 1 0.000000
145 2 0.000000
146 1 0.000000
146 2 0.000000
146 3 0.000000
146 4 0.000000
146 5 0.000000
146 6 0.000000
146 7 0.000000
146 8 0.000000
147 6 0.000000
147 5 0.000000
147 4 0.000000
147 2 0.000000
147 3 0.000000
147 1 0.000000
148 5 0.000000
148 4 0.000000
148 3 0.000000
148 2 0.000000
148 1 0.000000
149 5 0.000000
149 4 0.000000
149 3 0.000000
149 2 0.000000
149 1 0.000000
150 4 0.000000
150 3 0.000000
150 2 0.000000
150 1 0.000000
151 2 0.000000
151 1 0.000000
155 38 0.000000
154 39 0.000000
152 38 0.000000
153 39 1.000000
149 50 0.000000
151 49 1.000000
154 46 1.000000
155 46 1.000000
156 46 1.000000
157 46 1.000000
160 46 1.000000
161 45 1.000000
161 43 1.000000
162 44 1.000000
162 42 1.000000
161 40 0.000000
164 36 1.000000
163 33 0.000000
164 32 1.000000
159 37 0.000000
159 36 0.000000
161 34 0.000000
160 35 0.000000
160 36 0.000000
163 33 1.000000
161 38 0.000000
182 50 1.000000
194 68 0.000000
193 79 1.000000
193 80 0.000000
193 79 0.000000
195 81 1.000000
189 91 0.000000
183 103 0.000000
174 109 1.000000
135 108 1.000000
134 109 1.000000
124 156 0.000000
126 119 0.000000
125 121 0.000000
125 122 0.000000
124 123 0.000000
114 127 0.000000
113 128 0.000000
99 102 0.000000
107 74 0.000000
106 74 0.000000
106 73 0.000000
106 75 0.000000
106 75 1.000000
104 76 1.000000
106 74 1.000000
106 76 1.000000
105 74 1.000000
83 133 1.000000
84 135 0.000000
84 133 0.000000
84 126 1.000000
84 126 0.000000
84 127 0.000000
88 114 1.000000
88 112 1.000000
85 98 1.000000
85 99 1.000000
85 100 1.000000
85 101 1.000000
75 116 0.000000
76 124 0.000000
64 112 0.000000
64 109 0.000000
63 102 1.000000
56 108 0.000000
57 108 0.000000
55 109 1.000000
49 106 1.000000
49 106 0.000000
49 105 0.000000
48 105 0.000000
93 1 1.000000
92 2 1.000000
90 2 1.000000
91 0 1.000000
88 7 1.000000
90 8 1.000000
88 14 1.000000
86 13 1.000000
89 3 1.000000
92 3 1.000000
66 30 1.000000
67 31 1.000000
67 29 1.000000
68 30 1.000000
69 28 1.000000
68 26 1.000000
68 25 1.000000
68 25 0.000000
69 25 0.000000
65 32 1.000000
63 35 1.000000
64 36 1.000000
65 35 1.000000
67 28 1.000000
67 32 1.000000
66 34 1.000000
64 37 1.000000
61 41 1.000000
62 40 1.000000
58 51 0.000000
66 65 1.000000
64 66 1.000000
67 65 1.000000
64 61 1.000000
62 61 1.000000
63 58 1.000000
61 59 1.000000
59 54 1.000000
61 54 1.000000
59 53 1.000000
61 53 1.000000
61 53 0.000000
43 49 0.000000
41 50 0.000000
40 50 0.000000
40 50 1.000000
41 50 1.000000
41 49 1.000000
43 47 0.000000
52 7 1.000000
51 5 1.000000
52 7 0.000000
51 8 1.000000
51 6 0.000000
52 6 0.000000
51 8 0.000000
51 7 0.000000
51 5 0.000000
49 11 0.000000
48 9 1.000000
42 24 0.000000
41 24 1.000000
41 37 0.000000
37 57 0.000000
36 57 0.000000
35 56 0.000000
41 72 0.000000
44 82 0.000000
43 81 0.000000
41 81 0.000000
41 80 0.000000
42 88 0.000000
42 90 1.000000
40 90 0.000000
42 93 0.000000
42 89 1.000000
42 88 1.000000
36 242 0.000000
37 242 0.000000
38 242 0.000000
40 238 0.000000
39 232 0.000000
38 231 0.000000
38 230 0.000000
36 229 0.000000
31 225 0.000000
28 233 1.000000
28 233 0.000000
28 232 0.000000
28 231 0.000000
27 227 1.000000
27 228 1.000000
28 229 0.000000
24 231 1.000000
25 235 0.000000
25 232 1.000000
24 238 0.000000
23 233 1.000000
26 211 1.000000
25 207 0.000000
34 215 0.000000
34 214 1.000000
34 213 1.000000
37 207 1.000000
38 207 0.000000
34 209 1.000000
34 210 1.000000
34 211 1.000000
38 168 0.000000
38 166 0.000000
37 176 0.000000
47 190 0.000000
46 186 1.000000
46 185 1.000000
46 184 1.000000
45 182 0.000000
46 183 1.000000
34 212 1.000000
40 163 0.000000
41 160 0.000000
51 166 0.000000
50 165 0.000000
50 164 0.000000
49 164 0.000000
47 161 0.000000
46 160 0.000000
45 159 0.000000
50 157 0.000000
40 194 1.000000
40 194 0.000000
38 195 1.000000
55 163 0.000000
59 182 0.000000
58 187 0.000000
64 207 1.000000
64 208 1.000000
64 209 1.000000
63 210 0.000000
71 193 0.000000
72 181 1.000000
73 182 1.000000
74 180 1.000000
72 185 1.000000
74 181 1.000000
79 178 1.000000
81 181 0.000000
87 154 0.000000
88 150 0.000000
85 151 1.000000
86 151 1.000000
87 150 1.000000
88 159 1.000000
91 160 1.000000
93 153 1.000000
93 153 0.000000
93 154 0.000000
93 156 0.000000
92 155 0.000000
91 156 1.000000
90 158 1.000000
90 157 1.000000
69 214 1.000000
70 215 1.000000
70 213 1.000000
71 211 1.000000
73 211 1.000000
68 218 0.000000
68 217 0.000000
68 216 1.000000
68 217 1.000000
68 218 1.000000
69 218 1.000000
70 216 1.000000
71 214 1.000000
72 213 1.000000
81 233 1.000000
81 232 1.000000
83 233 1.000000
80 210 1.000000
81 209 1.000000
80 211 1.000000
79 206 1.000000
89 198 1.000000
90 198 1.000000
88 197 1.000000
87 199 0.000000
88 199 0.000000
90 196 0.000000
88 214 1.000000
89 215 0.000000
75 190 0.000000
96 152 0.000000
85 150 1.000000
105 209 0.000000
105 206 0.000000
103 201 1.000000
104 203 0.000000
104 202 0.000000
103 201 0.000000
105 201 1.000000
105 200 1.000000
104 202 1.000000
105 202 1.000000
105 199 1.000000
104 203 1.000000
105 203 1.000000
116 178 0.000000
116 177 0.000000
116 176 0.000000
109 172 1.000000
111 172 1.000000
138 179 1.000000
143 199 1.000000
143 215 1.000000
139 233 1.000000
141 232 1.000000
140 236 1.000000
140 235 1.000000
142 246 1.000000
141 245 1.000000
139 249 0.000000
136 244 1.000000
127 239 0.000000
134 241 1.000000
134 241 0.000000
133 241 0.000000
134 239 1.000000
128 242 0.000000
127 240 1.000000
127 239 1.000000
139 258 1.000000
137 257 1.000000
137 258 1.000000
138 253 1.000000
138 253 0.000000
138 254 0.000000
137 256 1.000000
137 255 1.000000
136 259 0.000000
135 263 0.000000
135 264 0.000000
136 271 0.000000
137 270 1.000000
141 285 0.000000
138 287 0.000000
125 292 1.000000
125 291 1.000000
125 290 1.000000
125 285 0.000000
125 286 0.000000
125 287 0.000000
115 283 1.000000
115 282 1.000000
117 281 1.000000
117 282 1.000000
117 280 1.000000
117 279 1.000000
93 291 1.000000
94 292 1.000000
92 295 0.000000
93 294 1.000000
98 283 0.000000
100 281 0.000000
125 312 0.000000
124 308 0.000000
94 293 1.000000
110 308 0.000000
110 309 0.000000
110 310 0.000000
109 312 0.000000
109 313 0.000000
108 314 0.000000
108 315 0.000000
107 318 0.000000
107 319 0.000000
106 321 0.000000
106 322 0.000000
105 323 0.000000
104 324 1.000000
105 326 1.000000
105 327 1.000000
105 329 0.000000
105 330 0.000000
105 330 1.000000
105 329 1.000000
105 328 1.000000
107 340 1.000000
107 341 1.000000
99 352 1.000000
100 353 1.000000
101 353 1.000000
93 355 0.000000
94 355 1.000000
96 356 1.000000
97 355 1.000000
103 355 1.000000
103 356 1.000000
99 380 1.000000
106 357 1.000000
106 358 1.000000
114 356 0.000000
115 348 1.000000
116 346 1.000000
116 347 1.000000
116 348 1.000000
116 348 0.000000
116 347 0.000000
116 348 1.000000
116 347 1.000000
116 348 0.000000
112 350 1.000000
111 350 1.000000
146 354 1.000000
144 355 1.000000
141 356 1.000000
140 359 1.000000
133 364 0.000000
132 364 0.000000
133 362 1.000000
131 361 1.000000
145 354 1.000000
143 358 1.000000
145 357 1.000000
145 354 0.000000
145 354 1.000000
120 377 0.000000
131 422 0.000000
129 419 0.000000
104 442 1.000000
88 429 0.000000
76 395 0.000000
76 400 1.000000
85 402 0.000000
102 383 0.000000
63 419 0.000000
85 420 0.000000
84 431 1.000000
129 419 1.000000
129 418 1.000000
31 408 1.000000
32 407 0.000000
30 410 0.000000
36 418 0.000000
46 427 0.000000
62 470 0.000000
