0 175 0.000000
4 178 0.000000
5 179 0.000000
6 179 0.000000
6 180 0.000000
7 180 0.000000
0 173 0.000000
0 172 0.000000
0 171 0.000000
1 171 0.000000
5 171 0.000000
14 178 0.000000
18 201 1.000000
15 217 0.000000
15 216 0.000000
15 215 0.000000
15 214 0.000000
20 216 0.000000
22 216 0.000000
26 221 0.000000
27 221 0.000000
27 220 0.000000
26 220 0.000000
26 219 0.000000
27 218 0.000000
26 218 0.000000
25 218 0.000000
31 208 0.000000
32 208 0.000000
35 194 0.000000
36 193 0.000000
36 192 0.000000
36 191 0.000000
37 192 0.000000
37 191 0.000000
36 196 0.000000
36 195 0.000000
35 195 0.000000
33 191 1.000000
46 191 0.000000
47 191 0.000000
52 187 0.000000
56 181 1.000000
50 161 0.000000
50 160 0.000000
50 159 0.000000
53 160 0.000000
54 162 0.000000
53 163 0.000000
52 164 0.000000
48 161 0.000000
49 161 0.000000
51 158 0.000000
52 158 0.000000
54 158 0.000000
55 158 0.000000
63 161 0.000000
64 160 0.000000
64 159 0.000000
59 163 0.000000
59 164 0.000000
59 165 0.000000
58 165 0.000000
58 166 0.000000
57 167 0.000000
57 168 0.000000
56 168 0.000000
50 164 1.000000
49 166 1.000000
52 170 1.000000
33 229 0.000000
34 229 0.000000
34 228 0.000000
34 227 0.000000
34 226 0.000000
35 226 0.000000
35 227 0.000000
35 225 0.000000
36 225 0.000000
36 224 0.000000
37 224 0.000000
37 223 0.000000
38 223 0.000000
37 222 0.000000
38 222 0.000000
40 200 0.000000
44 203 0.000000
44 202 0.000000
43 201 0.000000
40 203 0.000000
40 202 0.000000
40 201 0.000000
41 201 0.000000
42 201 0.000000
48 220 1.000000
49 219 1.000000
48 221 1.000000
53 231 1.000000
53 230 1.000000
52 245 0.000000
60 223 0.000000
58 222 1.000000
80 216 0.000000
80 214 0.000000
80 213 0.000000
79 213 0.000000
79 212 0.000000
79 211 0.000000
78 210 0.000000
78 209 0.000000
76 202 1.000000
70 206 0.000000
72 204 1.000000
71 204 1.000000
57 208 0.000000
65 198 1.000000
57 207 0.000000
58 207 0.000000
58 206 0.000000
59 205 0.000000
60 205 0.000000
60 206 0.000000
59 206 0.000000
63 206 1.000000
50 224 1.000000
52 223 1.000000
33 135 0.000000
98 127 0.000000
99 125 0.000000
99 124 0.000000
100 123 0.000000
100 122 0.000000
100 121 0.000000
102 126 0.000000
91 183 0.000000
91 182 0.000000
92 182 0.000000
94 181 0.000000
107 160 0.000000
115 158 0.000000
99 145 1.000000
100 145 1.000000
107 148 0.000000
118 183 0.000000
118 182 0.000000
119 182 0.000000
123 183 0.000000
124 189 0.000000
124 190 0.000000
128 217 0.000000
126 235 0.000000
127 235 0.000000
128 235 0.000000
128 236 0.000000
127 236 0.000000
127 239 1.000000
129 248 0.000000
130 247 0.000000
127 251 0.000000
125 250 1.000000
124 248 1.000000
122 248 0.000000
122 247 0.000000
123 246 1.000000
120 243 0.000000
110 242 0.000000
112 246 0.000000
123 238 0.000000
123 248 0.000000
124 248 0.000000
125 250 0.000000
125 273 0.000000
124 272 0.000000
123 266 0.000000
125 272 0.000000
124 267 0.000000
129 292 0.000000
112 289 0.000000
112 290 0.000000
112 291 0.000000
111 292 0.000000
112 292 0.000000
100 281 0.000000
100 282 0.000000
100 283 0.000000
100 284 0.000000
101 284 0.000000
101 285 0.000000
101 286 0.000000
101 287 0.000000
100 286 0.000000
100 287 0.000000
100 288 0.000000
100 289 0.000000
99 289 0.000000
99 290 0.000000
100 290 0.000000
99 291 0.000000
111 293 0.000000
112 293 0.000000
80 288 0.000000
70 303 0.000000
70 302 0.000000
71 302 0.000000
71 301 0.000000
70 301 0.000000
71 300 0.000000
72 300 0.000000
72 299 0.000000
73 299 0.000000
72 298 0.000000
72 297 0.000000
73 298 0.000000
91 296 1.000000
100 304 1.000000
101 304 1.000000
115 313 1.000000
117 305 1.000000
95 312 0.000000
95 313 0.000000
95 314 0.000000
95 315 0.000000
96 341 0.000000
98 341 1.000000
97 343 0.000000
97 342 0.000000
97 341 0.000000
93 346 1.000000
84 332 0.000000
93 317 1.000000
93 318 1.000000
94 319 1.000000
92 321 1.000000
91 325 1.000000
92 326 1.000000
91 328 1.000000
90 327 1.000000
90 330 1.000000
88 330 1.000000
89 328 1.000000
90 326 1.000000
91 329 1.000000
92 327 1.000000
91 324 1.000000
93 321 1.000000
92 320 1.000000
93 322 1.000000
91 323 1.000000
94 317 0.000000
93 317 0.000000
93 318 0.000000
94 318 0.000000
94 319 0.000000
93 319 0.000000
93 320 0.000000
92 320 0.000000
92 321 0.000000
93 321 0.000000
93 322 0.000000
92 322 0.000000
92 323 0.000000
91 323 0.000000
91 324 0.000000
92 324 0.000000
92 325 0.000000
91 325 0.000000
92 326 0.000000
92 327 0.000000
91 327 0.000000
90 327 0.000000
90 326 0.000000
91 326 0.000000
91 328 0.000000
91 329 0.000000
90 328 0.000000
89 328 0.000000
89 329 0.000000
90 329 0.000000
90 330 0.000000
77 361 0.000000
78 361 0.000000
79 363 0.000000
79 362 0.000000
80 362 0.000000
82 361 1.000000
86 359 1.000000
87 359 1.000000
87 360 1.000000
103 353 0.000000
104 353 0.000000
104 352 0.000000
104 351 0.000000
104 350 0.000000
105 350 0.000000
105 349 0.000000
106 349 0.000000
94 364 0.000000
94 363 0.000000
94 362 0.000000
89 369 0.000000
79 361 0.000000
79 360 0.000000
101 359 0.000000
106 361 1.000000
128 365 1.000000
123 366 1.000000
125 366 1.000000
130 364 1.000000
129 362 1.000000
132 363 1.000000
132 360 1.000000
145 356 0.000000
145 357 0.000000
144 357 0.000000
144 356 0.000000
143 357 0.000000
143 358 0.000000
142 357 0.000000
142 359 0.000000
142 358 0.000000
115 369 1.000000
99 356 0.000000
100 356 0.000000
91 347 1.000000
91 346 1.000000
91 345 1.000000
91 344 1.000000
93 346 0.000000
93 345 0.000000
93 345 1.000000
112 382 1.000000
85 388 0.000000
83 390 0.000000
81 381 0.000000
81 379 0.000000
84 386 0.000000
85 386 0.000000
115 401 0.000000
115 400 0.000000
129 426 0.000000
128 423 0.000000
125 422 0.000000
126 422 0.000000
124 422 0.000000
124 421 0.000000
116 426 0.000000
117 426 0.000000
118 426 0.000000
121 426 0.000000
122 426 0.000000
122 425 0.000000
123 423 0.000000
122 424 0.000000
121 425 0.000000
123 422 0.000000
123 421 0.000000
90 408 0.000000
96 452 0.000000
97 452 0.000000
97 451 0.000000
96 451 0.000000
95 451 0.000000
69 408 0.000000
70 408 0.000000
65 412 1.000000
58 403 0.000000
59 403 0.000000
58 407 1.000000
2 421 0.000000
3 421 0.000000
5 418 0.000000
4 419 0.000000
23 435 0.000000
32 436 1.000000
33 442 0.000000
34 442 0.000000
38 441 0.000000
69 440 1.000000
70 439 1.000000
71 438 1.000000
53 474 0.000000
46 491 0.000000
42 490 0.000000
41 488 0.000000
47 490 0.000000
46 490 0.000000
45 490 0.000000
44 490 0.000000
43 490 0.000000
157 326 1.000000
156 327 1.000000
157 325 1.000000
155 325 1.000000
157 324 1.000000
160 331 0.000000
159 331 0.000000
154 323 1.000000
159 323 0.000000
156 321 1.000000
158 330 1.000000
179 331 0.000000
162 330 1.000000
211 363 0.000000
212 362 0.000000
213 362 0.000000
209 344 0.000000
209 343 0.000000
209 342 0.000000
208 343 0.000000
195 343 1.000000
196 346 1.000000
209 350 0.000000
209 349 0.000000
209 348 0.000000
210 347 1.000000
210 347 0.000000
209 347 0.000000
208 350 0.000000
207 349 0.000000
208 349 0.000000
208 348 0.000000
208 347 0.000000
208 346 0.000000
208 345 0.000000
207 348 0.000000
206 348 0.000000
205 347 1.000000
204 347 1.000000
203 347 1.000000
182 372 0.000000
188 379 0.000000
188 378 0.000000
199 376 0.000000
172 391 0.000000
166 388 0.000000
177 389 1.000000
198 396 0.000000
167 390 0.000000
167 386 0.000000
168 390 0.000000
169 390 0.000000
192 438 0.000000
193 438 0.000000
194 438 0.000000
191 437 0.000000
192 437 0.000000
193 437 0.000000
194 437 0.000000
195 437 0.000000
196 437 0.000000
196 436 0.000000
191 436 0.000000
193 417 0.000000
193 422 1.000000
196 427 1.000000
197 430 0.000000
197 429 0.000000
191 435 0.000000
191 434 0.000000
192 436 0.000000
182 295 0.000000
182 294 0.000000
182 293 0.000000
181 293 0.000000
181 292 0.000000
181 291 0.000000
181 296 0.000000
182 296 0.000000
178 294 0.000000
177 294 1.000000
178 294 1.000000
184 288 0.000000
184 287 0.000000
183 286 0.000000
180 268 1.000000
180 254 1.000000
191 243 0.000000
189 245 0.000000
190 244 0.000000
190 243 0.000000
190 242 0.000000
175 239 0.000000
171 240 0.000000
171 239 0.000000
176 237 0.000000
178 234 0.000000
181 232 0.000000
181 231 0.000000
180 230 0.000000
180 229 0.000000
179 229 0.000000
179 228 0.000000
178 228 0.000000
179 227 0.000000
180 224 0.000000
177 233 0.000000
174 235 1.000000
164 238 0.000000
162 238 0.000000
164 236 0.000000
173 243 0.000000
172 227 0.000000
170 224 0.000000
174 225 0.000000
169 217 1.000000
168 211 1.000000
174 214 0.000000
174 213 0.000000
173 212 0.000000
173 211 0.000000
173 210 0.000000
173 209 0.000000
175 214 0.000000
176 214 0.000000
175 215 0.000000
176 215 0.000000
175 216 0.000000
176 216 0.000000
172 208 0.000000
154 215 0.000000
154 214 0.000000
154 213 0.000000
149 205 0.000000
150 205 0.000000
151 206 0.000000
152 206 0.000000
162 207 0.000000
161 207 0.000000
161 206 0.000000
161 205 0.000000
161 204 0.000000
160 207 0.000000
159 207 0.000000
158 207 0.000000
158 208 0.000000
158 209 0.000000
159 210 0.000000
159 211 0.000000
158 212 0.000000
158 211 0.000000
158 210 0.000000
157 212 0.000000
157 211 0.000000
157 210 0.000000
157 208 0.000000
157 207 0.000000
156 212 0.000000
156 211 0.000000
156 210 0.000000
156 209 0.000000
156 208 0.000000
156 207 0.000000
156 206 0.000000
156 205 0.000000
156 204 0.000000
152 215 0.000000
152 216 0.000000
150 214 0.000000
151 214 0.000000
154 212 0.000000
155 212 0.000000
155 211 0.000000
154 211 0.000000
154 210 0.000000
155 210 0.000000
155 209 0.000000
154 209 0.000000
153 207 0.000000
153 206 0.000000
154 204 1.000000
154 204 0.000000
154 205 0.000000
155 205 0.000000
155 206 0.000000
154 206 0.000000
154 207 0.000000
155 207 0.000000
155 208 0.000000
172 203 0.000000
172 201 0.000000
170 200 0.000000
170 201 0.000000
170 202 0.000000
169 202 0.000000
168 202 0.000000
168 201 0.000000
168 200 0.000000
167 199 0.000000
167 201 0.000000
166 197 0.000000
165 198 0.000000
165 197 0.000000
164 196 0.000000
161 197 1.000000
166 202 0.000000
167 202 0.000000
166 203 0.000000
167 203 0.000000
168 204 0.000000
168 205 0.000000
167 205 0.000000
166 205 0.000000
166 206 0.000000
167 206 0.000000
167 204 0.000000
165 207 0.000000
166 207 0.000000
176 217 0.000000
175 217 0.000000
176 229 1.000000
160 171 0.000000
183 164 1.000000
188 165 0.000000
200 167 1.000000
194 153 1.000000
182 156 0.000000
181 156 0.000000
193 130 1.000000
204 133 0.000000
226 149 1.000000
226 148 1.000000
229 149 1.000000
227 176 0.000000
227 175 0.000000
228 174 0.000000
227 174 0.000000
227 173 0.000000
228 173 0.000000
229 172 0.000000
228 172 0.000000
227 172 0.000000
227 171 0.000000
227 170 0.000000
231 187 0.000000
232 187 0.000000
233 186 0.000000
232 186 0.000000
231 186 0.000000
229 185 0.000000
233 185 0.000000
231 175 1.000000
233 176 1.000000
230 179 1.000000
231 171 1.000000
227 99 0.000000
250 60 0.000000
249 59 1.000000
251 1 0.000000
250 2 0.000000
251 2 0.000000
234 12 0.000000
237 13 0.000000
237 12 0.000000
236 11 0.000000
237 11 0.000000
237 10 0.000000
238 11 0.000000
238 10 0.000000
239 11 0.000000
239 10 0.000000
240 10 0.000000
240 9 0.000000
238 19 0.000000
229 22 0.000000
211 30 0.000000
211 31 0.000000
210 34 1.000000
206 38 0.000000
206 38 1.000000
206 38 0.000000
205 40 0.000000
209 41 1.000000
208 42 0.000000
207 42 0.000000
196 57 1.000000
190 42 0.000000
189 43 0.000000
190 44 0.000000
189 45 0.000000
188 47 0.000000
188 46 0.000000
187 41 0.000000
185 41 0.000000
186 43 0.000000
186 42 0.000000
178 41 0.000000
177 41 0.000000
171 38 0.000000
167 37 0.000000
166 50 1.000000
131 49 1.000000
132 49 1.000000
133 49 1.000000
134 49 1.000000
140 45 1.000000
141 46 1.000000
140 47 1.000000
139 48 1.000000
137 47 1.000000
125 52 0.000000
126 52 0.000000
131 41 0.000000
130 42 0.000000
127 42 0.000000
128 42 0.000000
143 45 1.000000
143 43 1.000000
158 44 1.000000
142 22 1.000000
141 22 1.000000
135 11 0.000000
135 10 0.000000
136 10 0.000000
137 10 0.000000
137 11 0.000000
136 11 0.000000
136 12 0.000000
137 12 0.000000
131 18 0.000000
119 33 1.000000
119 32 1.000000
119 31 1.000000
119 30 1.000000
118 33 1.000000
118 32 1.000000
118 31 1.000000
117 33 1.000000
117 32 1.000000
117 31 1.000000
128 32 1.000000
136 40 0.000000
136 39 0.000000
137 39 0.000000
137 38 0.000000
138 38 0.000000
138 37 0.000000
139 37 0.000000
139 36 0.000000
140 36 0.000000
140 35 0.000000
141 35 0.000000
141 34 0.000000
142 34 0.000000
142 36 1.000000
139 42 0.000000
139 41 0.000000
143 38 1.000000
145 36 1.000000
141 37 1.000000
142 35 1.000000
139 45 1.000000
138 46 1.000000
136 47 1.000000
145 44 1.000000
181 80 0.000000
181 79 0.000000
182 79 0.000000
183 79 0.000000
180 86 0.000000
180 88 0.000000
178 89 0.000000
177 90 0.000000
176 91 0.000000
166 102 0.000000
165 102 0.000000
157 114 0.000000
149 133 0.000000
110 114 0.000000
106 112 1.000000
109 107 0.000000
110 108 0.000000
109 108 0.000000
108 108 0.000000
83 135 0.000000
83 134 0.000000
68 118 1.000000
69 121 1.000000
61 123 0.000000
61 122 0.000000
70 80 0.000000
70 81 0.000000
71 81 0.000000
71 82 0.000000
70 82 0.000000
66 86 1.000000
70 83 0.000000
69 83 0.000000
70 85 0.000000
70 84 0.000000
69 84 0.000000
69 85 0.000000
68 85 0.000000
68 84 0.000000
69 87 0.000000
69 86 0.000000
55 146 0.000000
47 142 0.000000
46 143 0.000000
50 122 0.000000
49 121 0.000000
47 105 0.000000
46 105 0.000000
47 110 0.000000
47 109 0.000000
47 112 0.000000
45 111 1.000000
45 110 1.000000
45 109 1.000000
23 126 0.000000
31 127 1.000000
6 120 0.000000
7 120 0.000000
9 122 0.000000
6 122 0.000000
170 235 0.000000
169 235 0.000000
169 234 0.000000
170 234 0.000000
168 234 0.000000
168 233 0.000000
169 233 0.000000
170 270 0.000000
170 271 0.000000
170 272 0.000000
170 273 0.000000
170 274 0.000000
171 274 0.000000
171 273 0.000000
169 272 0.000000
169 271 0.000000
169 270 0.000000
170 275 0.000000
170 276 0.000000
170 277 0.000000
171 277 0.000000
171 276 0.000000
171 270 0.000000
171 275 0.000000
171 272 0.000000
171 271 0.000000
168 272 0.000000
168 271 0.000000
169 277 0.000000
169 276 0.000000
170 300 0.000000
169 300 0.000000
169 301 0.000000
168 301 0.000000
168 302 0.000000
167 302 0.000000
170 299 0.000000
171 299 0.000000
171 298 0.000000
172 298 0.000000
172 297 0.000000
173 297 0.000000
167 301 0.000000
167 301 1.000000
168 300 0.000000
169 302 0.000000
167 301 0.000000
171 235 0.000000
172 236 0.000000
171 244 0.000000
171 245 0.000000
171 246 0.000000
173 236 0.000000
173 235 0.000000
172 235 0.000000
172 234 0.000000
171 234 0.000000
173 234 0.000000
172 233 0.000000
172 232 0.000000
174 236 0.000000
174 235 0.000000
175 236 0.000000
176 236 0.000000
176 235 0.000000
175 235 0.000000
175 234 0.000000
176 234 0.000000
176 233 0.000000
175 233 0.000000
176 228 1.000000
170 233 0.000000
171 233 0.000000
171 232 0.000000
171 231 0.000000
168 234 1.000000
168 233 1.000000
169 235 1.000000
169 234 1.000000
169 233 1.000000
172 228 1.000000
172 227 1.000000
176 233 1.000000
175 233 1.000000
174 232 1.000000
174 232 0.000000
175 233 0.000000
176 233 0.000000
169 216 0.000000
170 216 0.000000
171 216 0.000000
170 215 0.000000
169 215 0.000000
169 214 0.000000
170 214 0.000000
168 214 0.000000
169 213 0.000000
168 213 0.000000
167 213 0.000000
168 212 0.000000
168 211 0.000000
168 210 0.000000
167 209 0.000000
167 210 0.000000
167 211 0.000000
167 212 0.000000
166 212 0.000000
166 211 0.000000
166 210 0.000000
166 209 0.000000
166 208 0.000000
165 208 0.000000
165 209 0.000000
165 210 0.000000
165 211 0.000000
165 212 0.000000
165 213 0.000000
164 208 0.000000
164 209 0.000000
164 210 0.000000
164 211 0.000000
164 212 0.000000
163 210 0.000000
163 211 0.000000
163 212 0.000000
175 218 0.000000
176 218 0.000000
162 234 0.000000
163 234 0.000000
164 234 0.000000
164 233 0.000000
163 233 0.000000
162 233 0.000000
162 232 0.000000
163 232 0.000000
164 213 0.000000
176 228 0.000000
176 229 0.000000
176 229 1.000000
165 235 0.000000
165 234 0.000000
165 237 0.000000
165 236 0.000000
175 232 0.000000
176 232 0.000000
162 240 0.000000
164 240 0.000000
165 239 0.000000
162 231 0.000000
163 231 0.000000
161 232 0.000000
161 231 0.000000
161 230 0.000000
162 230 0.000000
163 230 0.000000
162 229 0.000000
163 229 0.000000
162 228 0.000000
163 228 0.000000
164 232 0.000000
164 231 0.000000
176 229 0.000000
176 230 0.000000
176 231 0.000000
170 246 0.000000
169 246 0.000000
168 246 0.000000
168 245 0.000000
169 245 0.000000
170 245 0.000000
170 247 0.000000
169 247 0.000000
168 247 0.000000
168 244 0.000000
167 244 0.000000
167 245 0.000000
168 247 1.000000
169 244 0.000000
170 244 0.000000
170 243 0.000000
170 242 0.000000
172 247 0.000000
171 247 0.000000
169 243 0.000000
169 242 0.000000
168 243 0.000000
167 243 0.000000
168 242 0.000000
167 242 0.000000
166 241 0.000000
166 240 0.000000
165 240 0.000000
165 241 0.000000
167 241 0.000000
166 242 0.000000
169 241 0.000000
168 241 0.000000
169 247 1.000000
170 247 1.000000
162 228 1.000000
163 228 1.000000
163 229 1.000000
162 229 1.000000
164 241 0.000000
165 242 0.000000
166 243 0.000000
163 241 0.000000
164 242 0.000000
165 243 0.000000
166 244 0.000000
163 241 1.000000
166 244 1.000000
