0 326 0.000000
1 326 0.000000
0 325 0.000000
1 325 0.000000
2 325 0.000000
36 377 0.000000
36 378 0.000000
36 379 0.000000
36 382 0.000000
36 383 0.000000
36 384 0.000000
30 410 0.000000
30 411 0.000000
53 421 0.000000
54 421 0.000000
55 418 0.000000
55 417 0.000000
54 420 0.000000
53 420 0.000000
53 419 0.000000
54 419 0.000000
52 418 0.000000
53 418 0.000000
54 418 0.000000
52 417 0.000000
70 389 0.000000
70 388 0.000000
70 387 0.000000
67 367 0.000000
67 366 0.000000
67 365 0.000000
73 372 0.000000
73 371 0.000000
74 365 1.000000
70 367 1.000000
72 362 1.000000
78 363 0.000000
76 362 1.000000
103 350 1.000000
117 348 1.000000
117 347 1.000000
126 365 0.000000
126 364 0.000000
129 374 0.000000
129 373 0.000000
128 387 1.000000
128 386 1.000000
128 385 1.000000
119 388 0.000000
118 388 0.000000
141 392 0.000000
141 391 0.000000
141 390 0.000000
140 392 0.000000
140 391 0.000000
140 390 0.000000
140 389 0.000000
139 390 0.000000
113 395 0.000000
114 395 0.000000
113 394 0.000000
113 393 0.000000
115 394 0.000000
114 394 0.000000
114 393 0.000000
114 392 0.000000
116 393 0.000000
115 393 0.000000
115 392 0.000000
115 391 0.000000
116 392 0.000000
121 389 1.000000
122 389 1.000000
120 424 1.000000
120 423 1.000000
120 422 1.000000
120 421 1.000000
102 434 1.000000
105 465 1.000000
96 415 1.000000
86 413 1.000000
96 418 1.000000
67 436 0.000000
68 436 0.000000
67 435 0.000000
68 435 0.000000
69 435 0.000000
67 434 0.000000
68 434 0.000000
69 434 0.000000
67 433 0.000000
68 433 0.000000
69 433 0.000000
68 432 0.000000
69 432 0.000000
68 431 0.000000
69 431 0.000000
70 431 0.000000
68 430 0.000000
69 430 0.000000
70 430 0.000000
68 429 0.000000
68 428 0.000000
69 429 0.000000
70 429 0.000000
71 429 0.000000
69 428 0.000000
70 428 0.000000
71 428 0.000000
72 428 0.000000
70 427 0.000000
71 427 0.000000
71 426 0.000000
72 427 0.000000
72 426 0.000000
73 426 0.000000
72 424 0.000000
72 425 0.000000
73 425 0.000000
74 425 0.000000
79 420 1.000000
78 422 1.000000
73 424 0.000000
73 424 1.000000
80 379 0.000000
81 379 0.000000
81 380 0.000000
80 380 0.000000
79 381 0.000000
79 382 0.000000
148 383 0.000000
148 382 0.000000
159 406 0.000000
160 406 0.000000
160 405 0.000000
160 404 0.000000
159 403 0.000000
159 404 0.000000
159 405 0.000000
158 405 0.000000
158 404 0.000000
157 404 0.000000
154 396 1.000000
157 390 1.000000
155 399 1.000000
158 401 0.000000
158 402 0.000000
158 403 0.000000
157 403 0.000000
157 402 0.000000
156 402 0.000000
156 401 0.000000
157 401 0.000000
160 339 0.000000
161 339 0.000000
168 338 1.000000
181 349 0.000000
182 349 0.000000
181 348 0.000000
182 348 0.000000
181 347 0.000000
182 347 0.000000
183 345 1.000000
246 347 1.000000
233 348 0.000000
234 348 0.000000
235 348 0.000000
235 347 0.000000
234 347 0.000000
233 347 0.000000
233 346 0.000000
233 345 0.000000
233 343 1.000000
231 342 1.000000
250 397 0.000000
250 396 0.000000
253 412 0.000000
254 412 0.000000
254 413 0.000000
253 413 0.000000
253 414 0.000000
254 414 0.000000
256 449 1.000000
253 450 1.000000
253 451 1.000000
249 445 0.000000
248 445 0.000000
248 444 0.000000
252 448 1.000000
245 451 0.000000
244 451 0.000000
249 444 0.000000
256 463 0.000000
256 464 0.000000
257 470 0.000000
256 470 0.000000
256 469 0.000000
241 461 1.000000
235 462 0.000000
235 461 0.000000
236 461 0.000000
236 462 0.000000
237 462 0.000000
238 462 0.000000
243 470 0.000000
242 470 0.000000
242 469 0.000000
242 468 0.000000
218 460 0.000000
218 459 0.000000
221 465 1.000000
219 461 1.000000
219 461 0.000000
245 503 0.000000
244 503 0.000000
244 504 0.000000
244 505 0.000000
251 485 0.000000
250 485 0.000000
249 485 0.000000
249 486 0.000000
250 486 0.000000
251 486 0.000000
247 500 0.000000
248 500 0.000000
249 500 0.000000
268 503 1.000000
268 502 1.000000
246 512 0.000000
245 549 1.000000
245 544 1.000000
233 577 1.000000
224 551 1.000000
223 546 0.000000
222 546 0.000000
222 547 0.000000
223 547 0.000000
198 557 1.000000
200 532 0.000000
199 532 0.000000
199 533 0.000000
200 533 0.000000
200 534 0.000000
199 534 0.000000
199 535 0.000000
200 535 0.000000
198 543 1.000000
200 546 1.000000
201 543 1.000000
198 542 1.000000
196 548 1.000000
197 545 1.000000
194 553 1.000000
199 550 1.000000
199 550 0.000000
198 541 1.000000
198 541 0.000000
191 557 1.000000
142 573 0.000000
140 568 1.000000
144 568 1.000000
145 567 1.000000
142 566 0.000000
142 566 1.000000
160 545 0.000000
159 545 0.000000
159 545 1.000000
160 545 1.000000
223 590 0.000000
224 590 0.000000
225 590 0.000000
223 616 1.000000
197 643 1.000000
196 644 1.000000
203 644 1.000000
218 652 1.000000
210 662 1.000000
207 663 1.000000
208 660 1.000000
208 658 1.000000
208 658 0.000000
207 662 1.000000
206 666 1.000000
209 669 1.000000
213 673 1.000000
186 654 1.000000
187 650 1.000000
187 647 1.000000
186 655 1.000000
221 550 1.000000
220 552 1.000000
190 688 0.000000
168 740 1.000000
175 735 1.000000
176 735 1.000000
168 737 0.000000
168 741 1.000000
171 734 0.000000
172 734 0.000000
172 733 0.000000
171 733 0.000000
171 732 0.000000
172 732 0.000000
172 731 0.000000
171 731 0.000000
169 746 1.000000
122 779 1.000000
145 802 1.000000
145 803 1.000000
77 837 1.000000
52 814 0.000000
53 814 0.000000
13 793 0.000000
10 796 1.000000
11 793 0.000000
12 793 0.000000
13 794 0.000000
99 885 0.000000
99 884 0.000000
99 883 0.000000
113 898 1.000000
113 897 1.000000
113 896 1.000000
95 935 0.000000
96 935 0.000000
97 935 0.000000
98 935 0.000000
99 935 0.000000
104 932 0.000000
102 935 0.000000
101 935 0.000000
100 935 0.000000
100 935 1.000000
101 935 1.000000
102 935 1.000000
145 823 1.000000
151 817 1.000000
152 823 0.000000
152 822 0.000000
142 834 1.000000
143 833 1.000000
143 834 1.000000
143 834 0.000000
152 822 1.000000
152 823 1.000000
152 824 1.000000
191 764 1.000000
207 775 1.000000
209 789 1.000000
204 802 1.000000
196 823 1.000000
194 832 1.000000
200 854 0.000000
200 853 0.000000
200 852 0.000000
198 855 0.000000
199 855 0.000000
197 854 0.000000
198 854 0.000000
199 854 0.000000
195 852 0.000000
197 853 0.000000
196 852 0.000000
195 851 0.000000
198 853 0.000000
199 853 0.000000
197 853 1.000000
198 853 1.000000
199 853 1.000000
196 852 1.000000
218 775 1.000000
215 772 1.000000
247 803 0.000000
246 803 0.000000
247 802 0.000000
247 801 0.000000
247 800 0.000000
247 799 0.000000
248 798 0.000000
248 797 0.000000
247 798 0.000000
245 803 0.000000
244 803 0.000000
243 803 0.000000
242 803 0.000000
241 803 0.000000
240 803 0.000000
239 803 0.000000
235 803 0.000000
236 803 0.000000
237 803 0.000000
238 803 0.000000
246 802 0.000000
225 720 0.000000
225 719 0.000000
231 697 1.000000
232 698 0.000000
233 698 0.000000
238 691 1.000000
238 690 1.000000
246 691 0.000000
247 691 0.000000
255 689 1.000000
256 692 0.000000
256 693 0.000000
248 685 1.000000
284 672 1.000000
289 672 0.000000
289 671 0.000000
283 677 1.000000
281 678 1.000000
277 679 1.000000
271 681 1.000000
269 682 1.000000
268 683 1.000000
262 685 1.000000
255 684 1.000000
275 680 1.000000
267 678 1.000000
268 677 1.000000
249 687 1.000000
257 683 1.000000
259 687 1.000000
316 625 0.000000
315 625 0.000000
313 623 1.000000
312 617 1.000000
309 617 1.000000
311 615 1.000000
351 662 0.000000
363 691 1.000000
364 706 1.000000
365 706 1.000000
392 707 0.000000
392 706 0.000000
372 720 1.000000
341 734 0.000000
342 734 0.000000
358 730 1.000000
362 730 1.000000
363 730 1.000000
386 744 1.000000
390 745 0.000000
390 744 0.000000
388 747 1.000000
388 747 0.000000
378 757 0.000000
378 758 0.000000
378 768 0.000000
382 780 0.000000
390 804 0.000000
390 805 0.000000
382 820 0.000000
383 820 0.000000
384 820 0.000000
386 819 0.000000
387 819 0.000000
388 818 0.000000
389 817 0.000000
380 820 0.000000
381 820 0.000000
383 819 0.000000
384 819 0.000000
385 819 0.000000
389 816 0.000000
389 812 0.000000
389 813 0.000000
389 814 0.000000
389 815 0.000000
378 816 0.000000
378 815 0.000000
378 814 0.000000
378 813 0.000000
379 818 0.000000
383 819 1.000000
380 819 0.000000
379 812 0.000000
388 810 0.000000
388 809 0.000000
388 811 0.000000
388 811 1.000000
388 809 1.000000
388 801 0.000000
388 798 0.000000
389 797 0.000000
390 695 0.000000
396 655 0.000000
397 655 0.000000
377 655 0.000000
378 655 0.000000
379 655 0.000000
354 613 1.000000
359 556 0.000000
359 555 0.000000
359 554 0.000000
359 553 0.000000
358 551 0.000000
358 550 0.000000
358 554 0.000000
358 553 0.000000
362 545 0.000000
363 545 0.000000
364 545 0.000000
364 544 0.000000
364 543 0.000000
364 542 0.000000
362 544 0.000000
363 544 0.000000
363 543 0.000000
363 542 0.000000
363 541 0.000000
351 541 1.000000
361 543 0.000000
361 542 0.000000
362 543 0.000000
362 542 0.000000
362 541 0.000000
362 540 0.000000
361 540 0.000000
361 541 0.000000
354 492 1.000000
355 482 1.000000
341 468 0.000000
343 453 0.000000
342 452 0.000000
342 451 0.000000
343 451 0.000000
343 452 0.000000
344 453 0.000000
345 453 0.000000
346 453 0.000000
345 452 0.000000
344 452 0.000000
343 450 0.000000
348 450 0.000000
349 450 0.000000
349 449 0.000000
349 448 0.000000
349 447 0.000000
343 446 1.000000
343 449 0.000000
344 449 0.000000
345 449 0.000000
346 449 0.000000
347 449 0.000000
348 449 0.000000
348 445 1.000000
351 443 0.000000
351 442 0.000000
373 465 0.000000
374 464 0.000000
376 462 0.000000
377 461 0.000000
377 460 0.000000
367 465 0.000000
368 465 0.000000
369 465 0.000000
370 465 0.000000
371 465 0.000000
372 465 0.000000
342 469 1.000000
319 444 1.000000
321 452 0.000000
321 451 0.000000
336 447 0.000000
335 455 1.000000
356 439 0.000000
357 439 0.000000
357 438 0.000000
357 437 0.000000
356 438 0.000000
355 438 0.000000
356 437 0.000000
355 437 0.000000
355 436 0.000000
356 436 0.000000
356 435 0.000000
355 435 0.000000
355 434 0.000000
354 434 0.000000
355 433 0.000000
354 433 0.000000
353 433 0.000000
354 431 0.000000
354 432 0.000000
344 426 0.000000
342 430 1.000000
346 441 1.000000
346 440 1.000000
348 448 0.000000
353 432 0.000000
351 421 0.000000
340 396 0.000000
341 396 0.000000
341 395 0.000000
341 394 0.000000
340 394 0.000000
340 395 0.000000
340 393 0.000000
339 393 0.000000
338 393 0.000000
339 392 0.000000
338 392 0.000000
337 392 0.000000
336 392 0.000000
336 391 0.000000
336 390 0.000000
335 391 0.000000
335 390 0.000000
334 390 0.000000
333 390 0.000000
333 389 0.000000
333 388 0.000000
341 397 0.000000
342 397 0.000000
341 398 0.000000
342 402 0.000000
342 401 0.000000
342 400 0.000000
342 399 0.000000
342 398 0.000000
343 398 0.000000
343 399 0.000000
343 400 0.000000
343 401 0.000000
343 404 0.000000
344 404 0.000000
344 403 0.000000
343 403 0.000000
343 402 0.000000
344 402 0.000000
344 405 0.000000
345 405 0.000000
344 406 0.000000
344 407 0.000000
348 406 0.000000
334 383 0.000000
334 382 0.000000
333 380 0.000000
330 377 0.000000
329 377 0.000000
329 376 0.000000
328 377 0.000000
328 376 0.000000
327 377 0.000000
327 376 0.000000
328 375 0.000000
328 374 0.000000
328 373 0.000000
327 375 0.000000
327 374 0.000000
327 373 0.000000
326 373 0.000000
326 377 0.000000
330 379 0.000000
330 378 0.000000
331 378 0.000000
332 378 0.000000
332 379 0.000000
331 379 0.000000
331 380 0.000000
332 380 0.000000
325 394 1.000000
323 394 0.000000
323 393 0.000000
322 394 0.000000
322 393 0.000000
323 395 0.000000
317 394 1.000000
309 397 1.000000
309 396 1.000000
310 396 1.000000
311 396 1.000000
312 396 1.000000
312 395 1.000000
318 387 0.000000
317 387 0.000000
317 388 0.000000
318 388 0.000000
321 394 0.000000
321 393 0.000000
309 391 1.000000
306 407 1.000000
301 411 1.000000
286 399 0.000000
291 409 0.000000
300 392 1.000000
299 389 1.000000
297 391 1.000000
300 327 1.000000
316 325 0.000000
317 325 0.000000
340 322 0.000000
358 313 0.000000
359 313 0.000000
360 313 0.000000
339 322 0.000000
339 322 1.000000
340 322 1.000000
341 322 1.000000
342 322 1.000000
369 313 1.000000
371 314 0.000000
372 314 0.000000
373 314 0.000000
384 315 0.000000
385 315 0.000000
386 315 0.000000
360 297 0.000000
359 297 0.000000
358 297 0.000000
398 318 1.000000
404 256 1.000000
452 332 0.000000
452 331 0.000000
453 330 0.000000
453 329 0.000000
453 328 0.000000
452 328 0.000000
452 329 0.000000
452 330 0.000000
451 332 0.000000
457 356 0.000000
457 357 0.000000
456 357 0.000000
455 357 0.000000
455 356 0.000000
456 356 0.000000
451 351 0.000000
451 350 0.000000
451 349 0.000000
458 356 0.000000
459 355 0.000000
460 354 0.000000
460 353 0.000000
458 355 0.000000
459 354 0.000000
460 352 0.000000
459 353 0.000000
458 354 0.000000
457 355 0.000000
456 355 0.000000
455 355 0.000000
454 353 0.000000
453 353 0.000000
455 354 0.000000
452 352 0.000000
456 354 0.000000
457 354 0.000000
458 353 0.000000
496 117 0.000000
497 117 0.000000
497 116 0.000000
496 116 0.000000
499 115 1.000000
495 114 1.000000
496 115 0.000000
497 115 0.000000
498 115 0.000000
499 115 0.000000
500 115 0.000000
501 115 0.000000
459 44 1.000000
426 61 1.000000
425 61 1.000000
419 60 0.000000
418 60 0.000000
418 61 0.000000
417 63 0.000000
417 64 0.000000
471 24 0.000000
471 25 0.000000
472 25 0.000000
473 25 0.000000
467 23 0.000000
467 22 0.000000
468 23 0.000000
469 23 0.000000
468 22 0.000000
468 21 0.000000
469 22 0.000000
469 21 0.000000
475 19 1.000000
501 1 0.000000
412 75 1.000000
416 79 1.000000
410 73 0.000000
409 73 0.000000
408 79 0.000000
412 82 0.000000
413 82 0.000000
410 80 1.000000
411 87 0.000000
410 87 0.000000
409 88 0.000000
384 106 0.000000
385 106 0.000000
373 108 1.000000
372 107 1.000000
371 101 1.000000
379 80 0.000000
379 81 0.000000
379 82 0.000000
378 82 0.000000
378 81 0.000000
378 80 0.000000
377 82 0.000000
377 81 0.000000
376 82 0.000000
376 81 0.000000
375 81 0.000000
374 81 0.000000
374 82 0.000000
375 82 0.000000
374 83 0.000000
375 83 0.000000
376 83 0.000000
375 84 0.000000
374 84 0.000000
376 85 0.000000
375 85 0.000000
374 85 0.000000
374 86 0.000000
375 86 0.000000
376 86 0.000000
376 87 0.000000
375 88 0.000000
375 87 0.000000
374 87 0.000000
374 88 0.000000
374 89 0.000000
373 88 0.000000
367 79 0.000000
367 78 0.000000
368 78 0.000000
369 78 0.000000
357 79 0.000000
357 78 0.000000
358 78 0.000000
359 78 0.000000
371 80 0.000000
371 79 0.000000
370 79 0.000000
369 79 0.000000
368 79 0.000000
370 82 0.000000
370 81 0.000000
370 80 0.000000
369 80 0.000000
368 80 0.000000
369 81 0.000000
352 79 0.000000
352 78 0.000000
340 72 0.000000
339 72 0.000000
332 71 0.000000
331 71 0.000000
329 74 0.000000
270 76 0.000000
270 75 0.000000
271 75 0.000000
272 75 0.000000
273 75 0.000000
271 76 0.000000
270 74 0.000000
271 74 0.000000
272 74 0.000000
273 74 0.000000
271 73 0.000000
272 73 0.000000
273 73 0.000000
274 73 0.000000
272 72 0.000000
273 72 0.000000
274 72 0.000000
275 72 0.000000
274 71 0.000000
275 71 0.000000
276 71 0.000000
273 71 0.000000
274 70 0.000000
275 70 0.000000
276 70 0.000000
277 70 0.000000
275 69 0.000000
276 69 0.000000
277 69 0.000000
278 69 0.000000
279 69 0.000000
280 69 0.000000
276 68 0.000000
277 68 0.000000
277 67 0.000000
275 82 0.000000
275 81 0.000000
276 82 0.000000
277 82 0.000000
276 81 0.000000
277 81 0.000000
278 81 0.000000
276 80 0.000000
277 80 0.000000
278 80 0.000000
276 79 0.000000
276 78 0.000000
282 66 1.000000
283 66 1.000000
283 67 1.000000
282 67 1.000000
277 77 0.000000
277 78 0.000000
277 79 0.000000
278 79 0.000000
279 79 0.000000
280 79 0.000000
278 78 0.000000
279 78 0.000000
280 78 0.000000
282 67 0.000000
266 91 1.000000
267 94 1.000000
268 94 1.000000
277 87 1.000000
284 86 1.000000
223 62 0.000000
224 62 0.000000
223 61 0.000000
223 60 0.000000
224 61 0.000000
225 61 0.000000
224 60 0.000000
225 60 0.000000
224 59 0.000000
225 59 0.000000
225 58 0.000000
224 58 0.000000
238 64 0.000000
239 64 0.000000
251 66 0.000000
252 66 0.000000
253 66 0.000000
232 63 0.000000
231 63 0.000000
232 56 1.000000
233 56 1.000000
283 67 0.000000
283 66 0.000000
267 18 0.000000
267 19 0.000000
267 20 0.000000
266 19 0.000000
266 18 0.000000
266 17 0.000000
265 19 0.000000
265 18 0.000000
265 17 0.000000
265 16 0.000000
265 15 0.000000
264 19 0.000000
264 18 0.000000
264 17 0.000000
264 16 0.000000
264 15 0.000000
263 18 0.000000
263 17 0.000000
263 16 0.000000
263 15 0.000000
262 18 0.000000
262 17 0.000000
262 16 0.000000
262 15 0.000000
261 17 0.000000
261 16 0.000000
261 15 0.000000
260 17 0.000000
260 16 0.000000
260 15 0.000000
259 17 0.000000
259 16 0.000000
259 15 0.000000
265 91 1.000000
264 91 1.000000
263 91 1.000000
262 91 1.000000
261 91 1.000000
260 91 1.000000
360 129 0.000000
361 129 0.000000
365 153 1.000000
357 164 0.000000
357 163 0.000000
357 169 0.000000
357 168 0.000000
352 170 0.000000
353 170 0.000000
353 171 0.000000
352 171 0.000000
352 172 0.000000
351 172 0.000000
350 172 0.000000
350 171 0.000000
351 171 0.000000
330 194 0.000000
329 194 0.000000
311 216 0.000000
311 217 0.000000
312 220 1.000000
312 221 1.000000
308 245 1.000000
193 244 0.000000
193 243 0.000000
193 242 0.000000
194 242 0.000000
194 241 0.000000
195 241 0.000000
195 240 0.000000
195 239 0.000000
196 240 0.000000
196 239 0.000000
196 238 0.000000
196 237 0.000000
197 238 0.000000
197 237 0.000000
197 236 0.000000
197 235 0.000000
198 236 0.000000
198 235 0.000000
198 234 0.000000
198 233 0.000000
199 233 0.000000
198 232 0.000000
199 232 0.000000
218 217 0.000000
218 216 0.000000
255 242 1.000000
121 232 0.000000
121 231 0.000000
128 226 1.000000
128 225 1.000000
119 178 1.000000
126 184 0.000000
126 183 0.000000
142 156 0.000000
142 155 0.000000
142 154 0.000000
142 153 0.000000
141 153 0.000000
140 153 0.000000
139 153 0.000000
139 154 0.000000
140 154 0.000000
141 154 0.000000
141 155 0.000000
141 156 0.000000
140 155 0.000000
140 157 0.000000
138 155 0.000000
139 155 0.000000
140 156 0.000000
138 156 0.000000
139 156 0.000000
137 157 0.000000
138 157 0.000000
139 157 0.000000
136 158 0.000000
139 158 0.000000
139 159 0.000000
138 158 0.000000
137 158 0.000000
94 201 0.000000
94 200 0.000000
93 200 0.000000
92 200 0.000000
91 200 0.000000
90 200 0.000000
93 201 0.000000
92 201 0.000000
91 201 0.000000
90 201 0.000000
98 230 0.000000
100 232 0.000000
100 231 0.000000
97 230 0.000000
85 221 1.000000
69 245 1.000000
70 245 1.000000
93 251 0.000000
93 250 0.000000
92 260 0.000000
92 259 0.000000
105 308 0.000000
105 307 0.000000
105 306 0.000000
105 305 0.000000
105 304 0.000000
106 304 0.000000
107 304 0.000000
107 303 0.000000
106 303 0.000000
105 303 0.000000
106 302 0.000000
107 302 0.000000
107 301 0.000000
107 300 0.000000
110 277 0.000000
109 277 0.000000
124 306 0.000000
125 306 0.000000
126 306 0.000000
126 305 0.000000
125 305 0.000000
124 305 0.000000
126 304 0.000000
127 305 0.000000
132 304 1.000000
134 311 1.000000
122 316 0.000000
121 316 0.000000
116 316 1.000000
116 312 1.000000
109 320 1.000000
113 317 1.000000
112 318 1.000000
105 309 0.000000
104 309 0.000000
104 310 0.000000
105 310 0.000000
105 311 0.000000
104 311 0.000000
99 308 1.000000
100 312 1.000000
99 302 1.000000
100 301 1.000000
101 303 1.000000
100 306 1.000000
100 306 0.000000
98 305 1.000000
82 284 1.000000
75 278 1.000000
100 306 1.000000
65 258 1.000000
67 252 1.000000
71 254 1.000000
71 253 0.000000
71 254 0.000000
36 227 0.000000
36 226 0.000000
12 231 0.000000
13 231 0.000000
11 232 0.000000
257 469 0.000000
257 468 0.000000
284 481 0.000000
284 480 0.000000
284 479 0.000000
284 478 1.000000
284 479 1.000000
284 480 1.000000
284 481 1.000000
284 482 1.000000
37 235 0.000000
37 236 0.000000
36 235 0.000000
18 235 0.000000
19 235 0.000000
13 232 0.000000
12 232 0.000000
326 376 0.000000
326 375 0.000000
326 374 0.000000
323 373 0.000000
324 373 0.000000
325 373 0.000000
325 374 0.000000
325 375 0.000000
325 376 0.000000
325 377 0.000000
323 374 0.000000
324 374 0.000000
324 378 0.000000
333 381 0.000000
332 381 0.000000
331 381 0.000000
333 382 0.000000
332 382 0.000000
331 382 0.000000
330 382 0.000000
333 384 0.000000
333 383 0.000000
328 383 0.000000
405 650 1.000000
400 653 1.000000
401 653 1.000000
402 653 1.000000
412 660 0.000000
408 660 0.000000
409 647 0.000000
409 646 0.000000
416 651 0.000000
417 651 0.000000
427 649 1.000000
436 650 1.000000
418 643 0.000000
417 643 0.000000
416 643 0.000000
478 637 0.000000
478 636 0.000000
478 635 0.000000
477 635 0.000000
470 654 0.000000
470 653 0.000000
469 654 0.000000
406 649 0.000000
407 649 0.000000
409 650 0.000000
428 665 1.000000
440 666 1.000000
433 665 1.000000
434 665 1.000000
435 665 1.000000
438 664 1.000000
437 664 1.000000
416 681 0.000000
416 682 0.000000
417 682 0.000000
417 681 0.000000
418 682 0.000000
418 681 0.000000
419 682 0.000000
419 681 0.000000
420 682 0.000000
421 682 0.000000
420 681 0.000000
420 680 0.000000
421 681 0.000000
422 681 0.000000
422 680 0.000000
421 680 0.000000
421 679 0.000000
422 679 0.000000
422 678 0.000000
421 678 0.000000
421 677 0.000000
422 677 0.000000
446 663 1.000000
447 663 1.000000
448 663 1.000000
449 663 1.000000
443 663 1.000000
442 663 1.000000
441 663 1.000000
440 663 1.000000
428 653 1.000000
425 657 1.000000
419 659 1.000000
410 644 0.000000
426 651 1.000000
425 652 1.000000
477 639 0.000000
477 638 0.000000
477 637 0.000000
477 636 0.000000
476 635 0.000000
475 635 0.000000
474 635 0.000000
475 640 1.000000
476 640 1.000000
473 636 0.000000
476 639 0.000000
476 638 0.000000
476 637 0.000000
476 636 0.000000
475 636 0.000000
474 636 0.000000
473 636 1.000000
472 637 1.000000
476 640 0.000000
473 636 0.000000
475 640 0.000000
475 639 0.000000
475 638 0.000000
475 637 0.000000
426 656 1.000000
427 655 1.000000
425 658 1.000000
425 659 1.000000
475 640 1.000000
475 639 1.000000
475 638 1.000000
475 637 1.000000
451 662 1.000000
450 662 1.000000
452 661 1.000000
475 640 0.000000
475 639 0.000000
475 638 0.000000
475 637 0.000000
474 637 0.000000
474 638 0.000000
474 639 0.000000
474 640 0.000000
473 642 0.000000
473 641 0.000000
473 640 0.000000
473 639 0.000000
473 638 0.000000
473 637 0.000000
472 637 0.000000
472 638 0.000000
472 639 0.000000
472 640 0.000000
472 641 0.000000
472 642 0.000000
472 643 0.000000
471 638 0.000000
471 639 0.000000
471 640 0.000000
471 641 0.000000
471 642 0.000000
471 643 0.000000
471 644 0.000000
471 645 0.000000
470 639 0.000000
470 640 0.000000
469 640 0.000000
470 641 0.000000
470 642 0.000000
469 641 0.000000
468 641 0.000000
469 642 0.000000
470 643 0.000000
465 641 0.000000
466 641 0.000000
467 641 0.000000
470 644 0.000000
470 645 0.000000
470 646 0.000000
470 647 0.000000
470 648 0.000000
470 649 0.000000
470 650 0.000000
470 651 0.000000
470 652 0.000000
140 573 0.000000
141 573 0.000000
140 572 0.000000
141 572 0.000000
142 572 0.000000
142 571 0.000000
141 571 0.000000
140 571 0.000000
140 570 0.000000
141 570 0.000000
142 570 0.000000
143 570 0.000000
143 569 0.000000
142 569 0.000000
141 569 0.000000
140 569 0.000000
140 568 0.000000
141 568 0.000000
142 568 0.000000
143 568 0.000000
144 568 0.000000
141 567 0.000000
142 567 0.000000
142 566 0.000000
143 567 0.000000
143 566 0.000000
143 565 0.000000
144 567 0.000000
145 567 0.000000
144 566 0.000000
145 566 0.000000
146 566 0.000000
144 565 0.000000
144 561 0.000000
144 562 0.000000
144 563 0.000000
144 564 0.000000
145 565 0.000000
146 565 0.000000
147 565 0.000000
148 565 0.000000
149 565 0.000000
150 564 0.000000
151 563 0.000000
145 564 0.000000
146 564 0.000000
145 563 0.000000
145 562 0.000000
146 563 0.000000
147 564 0.000000
148 564 0.000000
149 564 0.000000
146 554 0.000000
159 545 0.000000
160 545 0.000000
