-1, 1, -1
496, 42
496, 43
496, 44
496, 45
496, 46
-1, 0, 1
418, 1
419, 1
420, 1
421, 1
-1, 1, 1
422, 42
422, 43
-1, 1, 1
401, 58
401, 59
401, 60
-1, 1, -1
456, 95
456, 96
456, 97
-1, 0, -1
421, 129
422, 129
423, 129
424, 129
-1, 1, -1
371, 127
371, 128
-1, 1, -1
305, 72
305, 73
-1, 1, -1
211, 77
211, 78
211, 79
-1, 1, -1
225, 37
225, 38
225, 39
-1, 1, -1
216, 16
216, 17
216, 18
216, 19
216, 20
216, 21
216, 22
216, 23
216, 24
216, 25
216, 26
216, 27
-1, 1, 1
101, 45
101, 46
-1, 1, 1
81, 68
81, 69
-1, 1, 1
107, 108
107, 109
107, 110
-1, 0, 1
30, 113
31, 113
32, 113
33, 113
-1, 1, -1
187, 229
187, 230
187, 231
187, 232
-1, 0, -1
197, 165
198, 165
199, 165
-1, 0, -1
242, 191
243, 191
244, 191
-1, 0, -1
285, 187
286, 187
287, 187
-1, 0, -1
345, 207
346, 207
347, 207
-1, 0, -1
419, 205
420, 205
421, 205
-1, 1, -1
444, 192
444, 193
444, 194
444, 195
-1, 0, 1
387, 160
388, 160
389, 160
-10