-1, 1, -1
498, 42
498, 43
498, 44
498, 45
498, 46
-1, 0, 1
418, 1
419, 1
420, 1
421, 1
-1, 1, 1
419, 42
419, 43
-1, 1, 1
398, 58
398, 59
398, 60
-1, 1, -1
456, 95
456, 96
456, 97
-1, 0, -1
421, 129
422, 129
423, 129
424, 129
-1, 1, -1
371, 127
371, 128
-1, 1, -1
305, 72
305, 73
-1, 0, -1
197, 165
198, 165
199, 165
-1, 0, -1
242, 191
243, 191
244, 191
-1, 0, -1
285, 187
286, 187
287, 187
-1, 0, -1
345, 207
346, 207
347, 207
-1, 0, -1
419, 205
420, 205
421, 205
-1, 1, -1
446, 192
446, 193
446, 194
446, 195
-1, 0, 1
387, 160
388, 160
389, 160
-10
